9.933,30,298,41
B0,mixamorig_Hips,-1,0.9997314810752869,0.013434343039989471,-0.018888942897319794,0,-0.013721844181418419,0.9997904300689697,-0.015196586959064007,0,0.018680762499570847,0.015451367944478989,0.9997056126594543,0,-0.3980399966239929,4.848621845245361,-0.0758233591914177,1
B1,mixamorig_Spine,0,0.9999508857727051,0.007044564001262188,0.006951360963284969,0,-0.006841823924332857,0.9995638132095337,-0.028729615733027458,0,-0.007150560617446899,0.02868109568953514,0.9995630979537964,0,0,0.9531000256538391,-0.037300001829862595,1
B2,mixamorig_Spine1,1,0.9985380172729492,0.014461486600339413,0.05208458751440048,0,-0.014861426316201687,0.999862790107727,0.007292705122381449,0,-0.05197176709771156,-0.008056425489485264,0.9986159801483154,0,0,1.1128000020980835,0,1
B3,mixamorig_Spine2,2,0.9985424280166626,0.01482628658413887,0.051898084580898285,0,-0.01519512664526701,0.9998617768287659,0.00670570507645607,0,-0.05179126188158989,-0.007485264912247658,0.9986292123794556,0,0,1.2718000411987305,0,1
B4,mixamorig_Neck,3,0.9982951879501343,-0.0501144640147686,-0.029911614954471588,0,0.05120406299829483,0.9980072379112244,0.036864351481199265,0,0.02800443395972252,-0.03833359107375145,0.9988720417022705,0,0,1.430799961090088,0,1
B5,mixamorig_Head,4,0.9986853003501892,0.030858341604471207,0.04091528058052063,0,-0.03719768673181534,0.9856781959533691,0.16445600986480713,0,-0.0352531373500824,-0.1657615303993225,0.985530436038971,0,0,1.4879000186920166,-0.016899999231100082,1
B6,mixamorig_HeadTop_End,5,1,0,0,0,0,1,0,0,0,0,1,0,0,3.5662999153137207,-0.04039999842643738,1
B7,mixamorig_LeftShoulder,3,-0.1809133142232895,-0.0006458953721448779,-0.9834949374198914,0,0.9153348803520203,-0.3659000098705292,-0.16813790798187256,0,-0.35975149273872375,-0.930652379989624,0.06678365170955658,0,0.4106000065803528,1.292099952697754,-0.008700000122189522,1
B8,mixamorig_LeftArm,7,0.9261489510536194,0.3218878209590912,-0.19654853641986847,0,-0.05253877118229866,0.6261706352233887,0.7779110074043274,0,0.37347352504730225,-0.7101395130157471,0.5968400835990906,0,0,0.8744000196456909,0,1
B9,mixamorig_LeftForeArm,8,0.8676183819770813,0.49718087911605835,0.007053140085190535,0,-0.49718931317329407,0.867274820804596,0.02523963898420334,0,0.006431560032069683,-0.025405218824744225,0.9996568560600281,0,0,2.38100004196167,0,1
B10,mixamorig_LeftHand,9,0.889901876449585,-0.16856232285499573,-0.4238611161708832,0,0.2675447165966034,0.9454787969589233,0.18571145832538605,0,0.36944738030433655,-0.2786681354045868,0.8864821195602417,0,0,1.4652999639511108,0,1
B11,mixamorig_LeftHandThumb1,10,0.9872218370437622,0.15227119624614716,0.04695897549390793,0,-0.1589924842119217,0.9609402418136597,0.22652681171894073,0,-0.010631740093231201,-0.2310986965894699,0.9728723764419556,0,-0.32659998536109924,0.21979999542236328,0,1
B12,mixamorig_LeftHandThumb2,11,0.9935207366943359,-0.10245179384946823,-0.049168910831213,0,0.10661935061216354,0.9900946617126465,0.09133891761302948,0,0.03932309150695801,-0.09599055349826813,0.9946038722991943,0,-0.07079999893903732,0.3068999946117401,0,1
B13,mixamorig_LeftHandThumb3,12,0.9206136465072632,0.390036404132843,0.018461117520928383,0,-0.38892558217048645,0.9201440215110779,-0.0454975850880146,0,-0.03473353758454323,0.03470544517040253,0.9987937808036804,0,-0.028699999675154686,0.3653999865055084,0,1
B14,mixamorig_LeftHandThumb4,13,1,0,0,0,0,1,0,0,0,0,1,0,0.09950000047683716,0.2565999925136566,0,1
B15,mixamorig_LeftHandIndex1,10,0.9957187175750732,0.08782670646905899,0.02880946174263954,0,-0.09212639927864075,0.9177021980285645,0.38643908500671387,0,0.007501141168177128,-0.38743868470191956,0.9218651056289673,0,0,0.376800000667572,0.003700000001117587,1
B16,mixamorig_LeftHandIndex2,15,0.9999955892562866,0.002895141253247857,-0.0005317596951499581,0,-0.0021764810662716627,0.8487914204597473,0.5287182927131653,0,0.0019826004281640053,-0.5287148952484131,0.8487942814826965,0,0.0142000000923872,0.5771999955177307,0,1
B17,mixamorig_LeftHandIndex3,16,0.9970296621322632,0.07698617875576019,0.002219680929556489,0,-0.07513565570116043,0.965912938117981,0.24770942330360413,0,0.016927380114793777,-0.24714022874832153,0.9688283801078796,0,-0.017899999395012856,0.4697999954223633,0,1
B18,mixamorig_LeftHandIndex4,17,1,0,0,0,0,1,0,0,0,0,1,0,0.003700000001117587,0.3594000041484833,0,1
B19,mixamorig_RightShoulder,3,0.04396025836467743,-0.017807485535740852,0.9988729357719421,0,-0.9706172943115234,-0.2375255972146988,0.03848137706518173,0,0.2365725189447403,-0.9712175130844116,-0.027726609259843826,0,-0.4106000065803528,1.2919000387191772,-0.002099999925121665,1
B20,mixamorig_RightArm,19,0.9137554168701172,-0.3881850242614746,0.11982332170009613,0,0.11731168627738953,0.5344893336296082,0.8369894623756409,0,-0.3889484107494354,-0.7507486939430237,0.5339346528053284,0,0,0.8744000196456909,0,1
B21,mixamorig_RightForeArm,20,0.8913410902023315,-0.4533025920391083,-0.005328179802745581,0,0.45331358909606934,0.8911274671554565,0.019958360120654106,0,-0.004298760090023279,-0.02020493894815445,0.9997864365577698,0,0,2.3805999755859375,0,1
B22,mixamorig_RightHand,21,0.9448148012161255,0.24805226922035217,0.21399571001529694,0,-0.2520344853401184,0.9676747918128967,-0.008907610550522804,0,-0.20928673446178436,-0.04551784321665764,0.9767915606498718,0,0,1.4652999639511108,0,1
B23,mixamorig_RightHandThumb1,22,0.9721972942352295,-0.10324583202600479,0.210170716047287,0,0.028766728937625885,0.9434099197387695,0.33037787675857544,0,-0.23238687217235565,-0.31514713168144226,0.9201511740684509,0,0.29670000076293945,0.21400000154972076,0,1
B24,mixamorig_RightHandThumb2,23,0.9928871989250183,0.06248599290847778,0.10133948922157288,0,-0.06781353056430817,0.996444046497345,0.05000193789601326,0,-0.09785475581884384,-0.056519199162721634,0.9935945272445679,0,0.036400001496076584,0.2903999984264374,0,1
B25,mixamorig_RightHandThumb3,24,0.8818506002426147,-0.4711364805698395,-0.019223658367991447,0,0.4689547121524811,0.880561113357544,-0.06850828230381012,0,0.049204159528017044,0.05139928311109543,0.9974656105041504,0,0.05730000138282776,0.3765000104904175,0,1
B26,mixamorig_RightHandThumb4,25,1,0,0,0,0,1,0,0,0,0,1,0,-0.09369999915361404,0.2538999915122986,0,1
B27,mixamorig_RightHandIndex1,22,0.9996252655982971,0.027018437162041664,0.004324700217694044,0,-0.02736031636595726,0.9845494627952576,0.17287267744541168,0,0.0004075606993865222,-0.17292609810829163,0.9849211573600769,0,0,0.4104999899864197,0.005499999970197678,1
B28,mixamorig_RightHandIndex2,27,0.9999746680259705,-0.006821665912866592,-0.0019839026499539614,0,0.006493685767054558,0.7646976709365845,0.644313395023346,0,-0.0028825027402490377,-0.644309401512146,0.7647230625152588,0,-0.010900000110268593,0.5649999976158142,0,1
B29,mixamorig_RightHandIndex3,28,0.9995762705802917,-0.029087282717227936,0.0013022195780649781,0,0.028458964079618454,0.9854801297187805,0.16734299063682556,0,-0.006151941604912281,-0.1672348827123642,0.9858903884887695,0,0.009499999694526196,0.43939998745918274,0,1
B30,mixamorig_RightHandIndex4,29,1,0,0,0,0,1,0,0,0,0,1,0,0.00139999995008111,0.35679998993873596,0,1
B31,mixamorig_LeftUpLeg,0,-0.9677411317825317,-0.21938520669937134,0.1238766610622406,0,0.23096266388893127,-0.9689458608627319,0.08830529451370239,0,0.10065753757953644,0.11406781524419785,0.9883604645729065,0,0.9204999804496765,-0.5292999744415283,0.04129999876022339,1
B32,mixamorig_LeftLeg,31,0.9500237703323364,-0.2121618241071701,0.22899898886680603,0,0.30486348271369934,0.7883840203285217,-0.5343286395072937,0,-0.06717526912689209,0.5774374604225159,0.8136640787124634,0,0,2.546299934387207,0,1
B33,mixamorig_LeftFoot,32,0.9806072115898132,-0.13088954985141754,0.14584241807460785,0,-0.11375249177217484,0.22580888867378235,0.9675043821334839,0,-0.15957067906856537,-0.9653366208076477,0.2065451741218567,0,0,1.1412999629974365,0,1
B34,mixamorig_LeftToeBase,33,0.9830660223960876,-0.00010800005111377686,-0.18324999511241913,0,0.1141255795955658,0.7827538251876831,0.6117771863937378,0,0.14337341487407684,-0.6223311424255371,0.7695118188858032,0,0,1.3252999782562256,0,1
B35,mixamorig_LeftToe_End,34,1,0,0,0,0,1,0,0,0,0,1,0,0,0.5156000256538391,0,1
B36,mixamorig_RightUpLeg,0,-0.9713613986968994,0.12263928353786469,-0.20350439846515656,0,-0.1493672877550125,-0.9812749624252319,0.12160338461399078,0,-0.18478091061115265,0.14851884543895721,0.9714918732643127,0,-0.9204999804496765,-0.5292999744415283,0.0421999990940094,1
B37,mixamorig_RightLeg,36,0.9551944732666016,0.2271401733160019,-0.18975774943828583,0,-0.2959004342556,0.718177855014801,-0.6298041343688965,0,-0.006775197107344866,0.6577354073524475,0.7532106637954712,0,0,2.5439999103546143,0,1
B38,mixamorig_RightFoot,37,0.9516968727111816,0.0910532996058464,-0.2932273745536804,0,0.2850157916545868,0.09317666292190552,0.9539769887924194,0,0.11418551206588745,-0.9914718270301819,0.06272446364164352,0,0,1.1484999656677246,0,1
B39,mixamorig_RightToeBase,38,0.9828839898109436,0,0.18422600626945496,0,-0.113475002348423,0.7877789735794067,0.6054149866104126,0,-0.14512899518013,-0.6159579753875732,0.7742959856987,0,0,1.3339999914169312,0,1
B40,mixamorig_RightToe_End,39,1,0,0,0,0,1,0,0,0,0,1,0,0,0.5325000286102295,0,1
@34,0,1,2,3,4,5,7,8,9,10,11,12,13,15,16,17,19,20,21,22,23,24,25,27,28,29,31,32,33,34,36,37,38,39
K0.000,0.9998379945755005,-0.017799999564886093,0.002478000009432435,0,0.01785999909043312,0.9994890093803406,-0.0265089999884367,0,-0.002004999900236726,0.026549000293016434,0.999646008014679,0,-0.018411999568343163,4.863213062286377,-0.049201998859643936,1,0.9999979734420776,-0.000534999999217689,0.002111000008881092,0,0.000582000007852912,0.9997529983520508,-0.022237999364733696,0,-0.0020989999175071716,0.022238999605178833,0.999750018119812,0,0,0.9531000256538391,-0.037300001829862595,1,0.9990609884262085,0.00008600000001024455,0.04331500083208084,0,-0.0008559999987483025,0.9998419880867004,0.017743999138474464,0,-0.043306998908519745,-0.017764000222086906,0.9989039897918701,0,0,1.1128000020980835,0,1,0.9990620017051697,0.0008459999808110297,0.0432949997484684,0,-0.001610000035725534,0.9998430013656616,0.017621999606490135,0,-0.04327400028705597,-0.017674999311566353,0.9989070296287537,0,0,1.2718000411987305,0,1,0.9995719790458679,-0.025047000497579575,-0.015138000249862671,0,0.02490900084376335,0.9996470212936401,-0.009247000329196453,0,0.015363999642431736,0.00886599998921156,0.9998430013656616,0,0,1.430799961090088,0,1,0.9975690245628357,0.06154999881982803,0.032680999487638474,0,-0.06441199779510498,0.9933639764785767,0.09528599679470062,0,-0.026599999517202377,-0.09715999662876129,0.9949129819869995,0,0,1.4879000186920166,-0.016899999231100082,1,-0.14873699843883514,-0.006903999950736761,-0.9888529777526855,0,0.9433450102806091,-0.300929993391037,-0.13979099690914154,0,-0.2966099977493286,-0.953620970249176,0.05127200111746788,0,0.4106000065803528,1.292099952697754,-0.008700000122189522,1,0.9188560247421265,0.3546760082244873,-0.17294099926948547,0,-0.0663290023803711,0.5708699822425842,0.818356990814209,0,0.3889780044555664,-0.7404810190200806,0.5480729937553406,0,0,0.8744000196456909,0,1,0.8724420070648193,0.4886690080165863,0.006808000151067972,0,-0.4886780083179474,0.872111976146698,0.024807000532746315,0,0.006184999831020832,-0.024970000609755516,0.9996690154075623,0,0,2.38100004196167,0,1,0.8938009738922119,-0.1784060001373291,-0.4114510118961334,0,0.2687489986419678,0.9475569725036621,0.17294499278068542,0,0.3590179979801178,-0.26515600085258484,0.8948730230331421,0,0,1.4652999639511108,0,1,0.9855809807777405,0.16195300221443176,0.049010999500751495,0,-0.16885900497436523,0.9599630236625671,0.22351400554180145,0,-0.010848999954760075,-0.2285670042037964,0.973468005657196,0,-0.32659998536109924,0.21979999542236328,0,1,0.991919994354248,-0.11154499650001526,-0.06042800098657608,0,0.11695200204849243,0.9885939955711365,0.09488999843597412,0,0.049153998494148254,-0.1011900007724762,0.9936519861221313,0,-0.07079999893903732,0.3068999946117401,0,1,0.9248420000076294,0.37976500391960144,0.021095000207424164,0,-0.3787730038166046,0.9246349930763245,-0.03976999968290329,0,-0.034609001129865646,0.028790999203920364,0.998986005783081,0,-0.028699999675154686,0.3653999865055084,0,1,0.9958019852638245,0.08737099915742874,0.027295999228954315,0,-0.0913110002875328,0.9272549748420715,0.3631249964237213,0,0.006415999960154295,-0.36409300565719604,0.9313399791717529,0,0,0.376800000667572,0.003700000001117587,1,0.9999489784240723,0.009971999563276768,0.001373999984934926,0,-0.008922000415623188,0.8147180080413818,0.5797889828681946,0,0.004662000108510256,-0.5797709822654724,0.814765989780426,0,0.0142000000923872,0.5771999955177307,0,1,0.9965639710426331,0.08270999789237976,0.004408000037074089,0,-0.08026300370693207,0.9511970281600952,0.2979620099067688,0,0.020452000200748444,-0.29729199409484863,0.9545680284500122,0,-0.017899999395012856,0.4697999954223633,0,1,0.040369998663663864,-0.016995999962091446,0.9990400075912476,0,-0.9707000255584717,-0.23770399391651154,0.03518100082874298,0,0.23687799274921417,-0.971189022064209,-0.026094000786542892,0,-0.4106000065803528,1.2919000387191772,-0.002099999925121665,1,0.9182000160217285,-0.3833329975605011,0.09982600063085556,0,0.12084899842739105,0.5110819935798645,0.8509939908981323,0,-0.37723299860954285,-0.7693179845809937,0.5156009793281555,0,0,0.8744000196456909,0,1,0.8904590010643005,-0.45503100752830505,-0.005367000121623278,0,0.4550420045852661,0.8902450203895569,0.020035000517964363,0,-0.0043390002101659775,-0.02028300054371357,0.9997850060462952,0,0,2.3805999755859375,0,1,0.9485679864883423,0.24815699458122253,0.19656099379062653,0,-0.2528800070285797,0.9674969911575317,-0.0011070000473409891,0,-0.19044700264930725,-0.048656001687049866,0.9804909825325012,0,0,1.4652999639511108,0,1,0.966621994972229,-0.0867919996380806,0.24105800688266754,0,0.00022600000374950469,0.9411619901657104,0.3379549980163574,0,-0.2562069892883301,-0.3266200125217438,0.9097679853439331,0,0.29670000076293945,0.21400000154972076,0,1,0.9967420101165771,0.03270300105214119,0.07373099774122238,0,-0.0356689989566803,0.9985910058021545,0.03928099945187569,0,-0.07234299927949905,-0.04178300127387047,0.996504008769989,0,0.036400001496076584,0.2903999984264374,0,1,0.8725619912147522,-0.4882580041885376,-0.015482000075280666,0,0.48590999841690063,0.8707540035247803,-0.07535699754953384,0,0.05027500167489052,0.05823099985718727,0.9970359802246094,0,0.05730000138282776,0.3765000104904175,0,1,0.9994480013847351,0.03240000084042549,0.007375000044703484,0,-0.03322799876332283,0.9753569960594177,0.21811500191688538,0,-0.00012599999899975955,-0.21823999285697937,0.9758949875831604,0,0,0.4104999899864197,0.005499999970197678,1,0.9999849796295166,-0.0052200001664459705,-0.0013569999719038606,0,0.004922000225633383,0.7804089784622192,0.625249981880188,0,-0.002205000026151538,-0.6252470016479492,0.7804239988327026,0,-0.010900000110268593,0.5649999976158142,0,1,0.9996280074119568,-0.027242999523878098,0.0014819999923929572,0,0.02676600031554699,0.9897369742393494,0.14036999642848969,0,-0.005291000008583069,-0.14027799665927887,0.9900979995727539,0,0.009499999694526196,0.43939998745918274,0,1,-0.9852740168571472,-0.15261100232601166,0.07710299640893936,0,0.15895000100135803,-0.9836949706077576,0.08414100110530853,0,0.0630050003528595,0.09515699744224548,0.9934660196304321,0,0.9204999804496765,-0.5292999744415283,0.04129999876022339,1,0.9468809962272644,-0.21478299796581268,0.23934300243854523,0,0.31738999485969543,0.7439810037612915,-0.5880110263824463,0,-0.05177199840545654,0.6327409744262695,0.7726309895515442,0,0,2.546299934387207,0,1,0.9698489904403687,-0.09116800129413605,0.22601400315761566,0,-0.21557000279426575,0.11167600005865097,0.9700809717178345,0,-0.11367999762296677,-0.9895539879798889,0.0886560007929802,0,0,1.1412999629974365,0,1,0.9831990003585815,-0.0002589999930933118,-0.18253499269485474,0,0.11445300281047821,0.7798789739608765,0.6153770089149475,0,0.14219599962234497,-0.6259300112724304,0.7668060064315796,0,0,1.3252999782562256,0,1,-0.951026976108551,0.1896830052137375,-0.24406500160694122,0,-0.21267199516296387,-0.9745169878005981,0.07132499665021896,0,-0.22431699931621552,0.11973699927330017,0.9671319723129272,0,-0.9204999804496765,-0.5292999744415283,0.0421999990940094,1,0.9602239727973938,0.24031299352645874,-0.142193004488945,0,-0.27867600321769714,0.7927179932594299,-0.5421599745750427,0,-0.017568999901413918,0.5602210164070129,0.8281570076942444,0,0,2.5439999103546143,0,1,0.9586430191993713,0.1272049993276596,-0.2546040117740631,0,0.22117400169372559,0.23005500435829163,0.9477109909057617,0,0.17912599444389343,-0.9648280143737793,0.19240599870681763,0,0,1.1484999656677246,0,1,0.9828839898109436,0,0.18422600626945496,0,-0.113475002348423,0.7877789735794067,0.6054149866104126,0,-0.14512899518013,-0.6159579753875732,0.7742959856987,0,0,1.3339999914169312,0,1
K0.033,0.9998070001602173,-0.019431015476584435,0.0028040013276040554,0,0.019500015303492546,0.9994480013847351,-0.026900004595518112,0,-0.0022800008300691843,0.026949003338813782,0.9996340274810791,0,-0.009773916564881802,4.861329078674316,-0.0509750060737133,1,0.9999979734420776,-0.0007750025833956897,0.0018449972849339247,0,0.0008140025311149657,0.999767005443573,-0.02158399485051632,0,-0.001826997147873044,0.021584995090961456,0.9997649788856506,0,0,0.9531000256538391,-0.037300001829862595,1,0.9990770220756531,-0.00016600287926848978,0.042962994426488876,0,-0.0006499974988400936,0.9998199939727783,0.018972011283040047,0,-0.04295799508690834,-0.018982011824846268,0.9988970160484314,0,0,1.1128000020980835,0,1,0.9990770220756531,0.0006189973209984601,0.04294499754905701,0,-0.001429997617378831,0.9998210072517395,0.01886001043021679,0,-0.04292599484324455,-0.018904011696577072,0.998898983001709,0,0,1.2718000411987305,0,1,0.9995980262756348,-0.024174991995096207,-0.014780997298657894,0,0.02404899336397648,0.9996730089187622,-0.008692990988492966,0,0.01498599722981453,0.008333990350365639,0.9998530149459839,0,0,1.430799961090088,0,1,0.9975100159645081,0.06233600899577141,0.03297100216150284,0,-0.0652020052075386,0.9933879971504211,0.09449400007724762,0,-0.026862001046538353,-0.09640900045633316,0.9949790239334106,0,0,1.4879000186920166,-0.016899999231100082,1,-0.14628498256206512,-0.006757999304682016,-0.9892190098762512,0,0.9439820051193237,-0.2999640107154846,-0.13754598796367645,0,-0.2958010137081146,-0.9539269804954529,0.050258997827768326,0,0.4106000065803528,1.292099952697754,-0.008700000122189522,1,0.9180660247802734,0.357012003660202,-0.1723320037126541,0,-0.06774500757455826,0.5696030259132385,0.8191230297088623,0,0.39059698581695557,-0.7403339743614197,0.5471190214157104,0,0,0.8744000196456909,0,1,0.8726289868354797,0.4883359968662262,0.006798999849706888,0,-0.4883440136909485,0.8722990155220032,0.02479100041091442,0,0.006175000220537186,-0.024954000487923622,0.9996700286865234,0,0,2.38100004196167,0,1,0.8934249877929688,-0.17799100279808044,-0.41244399547576904,0,0.2687720060348511,0.9474819898605347,0.1733189970254898,0,0.359934002161026,-0.2657009959220886,0.8943430185317993,0,0,1.4652999639511108,0,1,0.985605001449585,0.16180400550365448,0.049008000642061234,0,-0.16871100664138794,0.9600160121917725,0.22339800000190735,0,-0.01090100035071373,-0.2284500002861023,0.9734950065612793,0,-0.32659998536109924,0.21979999542236328,0,1,0.9919459819793701,-0.11141200363636017,-0.06025499477982521,0,0.11679700016975403,0.9886209964752197,0.09480000287294388,0,0.049008000642061234,-0.10107400268316269,0.9936710000038147,0,-0.07079999893903732,0.3068999946117401,0,1,0.924830973148346,0.3797920048236847,0.021104000508785248,0,-0.37880000472068787,0.9246249794960022,-0.03975300118327141,0,-0.03461100161075592,0.02877099998295307,0.9989870190620422,0,-0.028699999675154686,0.3653999865055084,0,1,0.9957939982414246,0.08742199838161469,0.027418002486228943,0,-0.09138999879360199,0.9265530109405518,0.3648950159549713,0,0.006495000794529915,-0.3658660352230072,0.9306449890136719,0,0,0.376800000667572,0.003700000001117587,1,0.9999529719352722,0.00959099642932415,0.0012589989928528666,0,-0.008559996262192726,0.8166490197181702,0.5770710110664368,0,0.004505998454988003,-0.5770549774169922,0.8166930079460144,0,0.0142000000923872,0.5771999955177307,0,1,0.9965789914131165,0.08253200352191925,0.00433399947360158,0,-0.08010400086641312,0.95169997215271,0.2963939905166626,0,0.020336998626589775,-0.29572799801826477,0.9550560116767883,0,-0.017899999395012856,0.4697999954223633,0,1,0.04454102739691734,-0.017801005393266678,0.9988489747047424,0,-0.969884991645813,-0.24042601883411407,0.038965024054050446,0,0.23945601284503937,-0.9705039858818054,-0.02797401137650013,0,-0.4106000065803528,1.2919000387191772,-0.002099999925121665,1,0.9176480174064636,-0.3845590054988861,0.10018700361251831,0,0.12194200605154037,0.5124340057373047,0.8500249981880188,0,-0.3782239854335785,-0.7678059935569763,0.5171269774436951,0,0,0.8744000196456909,0,1,0.8899829983711243,-0.4559609889984131,-0.005388000048696995,0,0.45597198605537415,0.8897680044174194,0.020075999200344086,0,-0.004360000137239695,-0.020323999226093292,0.999783992767334,0,0,2.3805999755859375,0,1,0.9488139748573303,0.24764999747276306,0.19601397216320038,0,-0.252128005027771,0.9676920175552368,-0.002174002816900611,0,-0.1902189701795578,-0.0473569892346859,0.9805989861488342,0,0,1.4652999639511108,0,1,0.9666489958763123,-0.08589699119329453,0.24126799404621124,0,-0.0001450037962058559,0.9418920278549194,0.33591601252555847,0,-0.2561030089855194,-0.3247480094432831,0.9104670286178589,0,0.29670000076293945,0.21400000154972076,0,1,0.9968349933624268,0.031710993498563766,0.07289998978376389,0,-0.03463699296116829,0.9986299872398376,0.03922500088810921,0,-0.07155599445104599,-0.0416250005364418,0.9965680241584778,0,0.036400001496076584,0.2903999984264374,0,1,0.8725489974021912,-0.4882799983024597,-0.015515999868512154,0,0.48593199253082275,0.8707470297813416,-0.07529100030660629,0,0.050273001194000244,0.05815599858760834,0.9970409870147705,0,0.05730000138282776,0.3765000104904175,0,1,0.9994800090789795,0.031443994492292404,0.007199999876320362,0,-0.03225799649953842,0.9752249717712402,0.21885201334953308,0,-0.0001400002947775647,-0.21897001564502716,0.9757320284843445,0,0,0.4104999899864197,0.005499999970197678,1,0.9999859929084778,-0.005199999548494816,-0.0013489997945725918,0,0.004902999382466078,0.780601978302002,0.6250100135803223,0,-0.0021969997324049473,-0.6250069737434387,0.7806159853935242,0,-0.010900000110268593,0.5649999976158142,0,1,0.999629020690918,-0.027181997895240784,0.0014870001468807459,0,0.026708997786045074,0.9898650050163269,0.13947398960590363,0,-0.005262999329715967,-0.1393829882144928,0.9902250170707703,0,0.009499999694526196,0.43939998745918274,0,1,-0.9852420091629028,-0.15223899483680725,0.07823700457811356,0,0.15880100429058075,-0.9835659861564636,0.08590400964021683,0,0.0638740062713623,0.09706101566553116,0.9932270050048828,0,0.9204999804496765,-0.5292999744415283,0.04129999876022339,1,0.9470019936561584,-0.21440500020980835,0.23920099437236786,0,0.3173600137233734,0.7396709322929382,-0.5934390425682068,0,-0.04969397932291031,0.6379000544548035,0.7685139179229736,0,0,2.546299934387207,0,1,0.9698399901390076,-0.09047199040651321,0.22633199393749237,0,-0.21657001972198486,0.10622095316648483,0.9704710245132446,0,-0.11184197664260864,-0.9902179837226868,0.08342395722866058,0,0,1.1412999629974365,0,1,0.9831900000572205,-0.00024799996754154563,-0.1825850009918213,0,0.1144300028681755,0.7800779938697815,0.6151289939880371,0,0.14227800071239471,-0.62568199634552,0.76699298620224,0,0,1.3252999782562256,0,1,-0.9505410194396973,0.1899379938840866,-0.24575401842594147,0,-0.2131350040435791,-0.9744200110435486,0.07126599550247192,0,-0.22593101859092712,0.12011999636888504,0.9667090177536011,0,-0.9204999804496765,-0.5292999744415283,0.0421999990940094,1,0.9605100154876709,0.23909097909927368,-0.14232200384140015,0,-0.2777409851551056,0.7931140065193176,-0.5420600175857544,0,-0.01672498695552349,0.5601829886436462,0.8281999826431274,0,0,2.5439999103546143,0,1,0.9591569900512695,0.12839101254940033,-0.25205695629119873,0,0.21803796291351318,0.23210901021957397,0.94793701171875,0,0.18021202087402344,-0.9641789793968201,0.1946350336074829,0,0,1.1484999656677246,0,1,0.9828839898109436,0,0.18422600626945496,0,-0.113475002348423,0.7877789735794067,0.6054149866104126,0,-0.14512899518013,-0.6159579753875732,0.7742959856987,0,0,1.3339999914169312,0,1
K0.067,0.9997770190238953,-0.020929984748363495,0.0029379986226558685,0,0.021002985537052155,0.999405026435852,-0.02735799551010132,0,-0.0023629991337656975,0.02741299569606781,0.9996209740638733,0,-0.0014360828790813684,4.859825134277344,-0.05166399106383324,1,0.9999979734420776,-0.0010289974743500352,0.0015740026719868183,0,0.0010619976092129946,0.9997779726982117,-0.021021004766225815,0,-0.001552002620883286,0.02102300524711609,0.9997779726982117,0,0,0.9531000256538391,-0.037300001829862595,1,0.9990950226783752,-0.0004539971414487809,0.0425260029733181,0,-0.00039900251431390643,0.9997990131378174,0.02005098946392536,0,-0.0425260029733181,-0.020049989223480225,0.9988939762115479,0,0,1.1128000020980835,0,1,0.9990959763526917,0.00035400260821916163,0.04251200333237648,0,-0.0012030021753162146,0.9998000264167786,0.019949989393353462,0,-0.042496003210544586,-0.019982988014817238,0.9988970160484314,0,0,1.2718000411987305,0,1,0.9996209740638733,-0.02340700663626194,-0.014485002495348454,0,0.023297008126974106,0.9996989965438843,-0.007739009335637093,0,0.014662003144621849,0.007398009300231934,0.9998649954795837,0,0,1.430799961090088,0,1,0.9974539875984192,0.06308399140834808,0.033267997205257416,0,-0.06597499549388885,0.9933369755744934,0.09449300169944763,0,-0.027084998786449432,-0.09644699841737747,0.9949700236320496,0,0,1.4879000186920166,-0.016899999231100082,1,-0.1451910138130188,-0.006700000260025263,-0.9893810153007507,0,0.9443269968032837,-0.29933199286460876,-0.13655202090740204,0,-0.29523900151252747,-0.9541249871253967,0.0497870035469532,0,0.4106000065803528,1.292099952697754,-0.008700000122189522,1,0.9178329706192017,0.3578290045261383,-0.17187300324440002,0,-0.06846999377012253,0.5691800117492676,0.8193569779396057,0,0.39101698994636536,-0.7402650117874146,0.5469120144844055,0,0,0.8744000196456909,0,1,0.8728799819946289,0.48788800835609436,0.006785999983549118,0,-0.48789599537849426,0.8725500106811523,0.024768000468611717,0,0.006161999888718128,-0.02493000030517578,0.9996700286865234,0,0,2.38100004196167,0,1,0.8928930163383484,-0.17775100469589233,-0.4136990010738373,0,0.26889699697494507,0.9474539756774902,0.17327800393104553,0,0.361160010099411,-0.26596200466156006,0.8937720060348511,0,0,1.4652999639511108,0,1,0.9856320023536682,0.16164499521255493,0.04899900034070015,0,-0.16855299472808838,0.960066020488739,0.2233009934425354,0,-0.010945999994874,-0.22835199534893036,0.9735170006752014,0,-0.32659998536109924,0.21979999542236328,0,1,0.9919739961624146,-0.11126799881458282,-0.06006400287151337,0,0.11662899702787399,0.9886509776115417,0.09469199925661087,0,0.04884599894285202,-0.10093700140714645,0.9936929941177368,0,-0.07079999893903732,0.3068999946117401,0,1,0.9247980117797852,0.37987399101257324,0.021100999787449837,0,-0.3788810074329376,0.9245910048484802,-0.03976200148463249,0,-0.03461499884724617,0.028776999562978745,0.998986005783081,0,-0.028699999675154686,0.3653999865055084,0,1,0.9957910180091858,0.08741900324821472,0.02751699835062027,0,-0.0914120003581047,0.9258589744567871,0.3666459619998932,0,0.006574999075382948,-0.36761897802352905,0.9299529790878296,0,0,0.376800000667572,0.003700000001117587,1,0.9999570250511169,0.009241003543138504,0.00115500099491328,0,-0.008227003738284111,0.8184130191802979,0.5745720267295837,0,0.00436400156468153,-0.5745570063591003,0.8184530138969421,0,0.0142000000923872,0.5771999955177307,0,1,0.9965929985046387,0.08236700296401978,0.004266000352799892,0,-0.0799579992890358,0.9521639943122864,0.2949419915676117,0,0.02023100107908249,-0.29427799582481384,0.9555060267448425,0,-0.017899999395012856,0.4697999954223633,0,1,0.0470389723777771,-0.01826699636876583,0.9987260103225708,0,-0.9694510102272034,-0.24179399013519287,0.041237976402044296,0,0.24073298275470734,-0.9701560139656067,-0.02908298932015896,0,-0.4106000065803528,1.2919000387191772,-0.002099999925121665,1,0.9171519875526428,-0.3857010006904602,0.10033199936151505,0,0.12246599048376083,0.5123239755630493,0.8500149846076965,0,-0.3792549967765808,-0.7673060297966003,0.517113983631134,0,0,0.8744000196456909,0,1,0.889726996421814,-0.45646199584007263,-0.005398999899625778,0,0.4564729928970337,0.8895099759101868,0.020098000764846802,0,-0.004370999988168478,-0.02034600079059601,0.9997829794883728,0,0,2.3805999755859375,0,1,0.9495459794998169,0.24699899554252625,0.19327202439308167,0,-0.25127699971199036,0.9679120182991028,-0.002453997265547514,0,-0.18767602741718292,-0.04623501002788544,0.981141984462738,0,0,1.4652999639511108,0,1,0.9666489958763123,-0.08521100878715515,0.24151299893856049,0,-0.0005249961977824569,0.9423649907112122,0.3345870077610016,0,-0.2561039924621582,-0.32355499267578125,0.9108909964561462,0,0.29670000076293945,0.21400000154972076,0,1,0.9969059824943542,0.030942007899284363,0.07225700467824936,0,-0.0338360071182251,0.9986590147018433,0.0391869992017746,0,-0.07094800472259521,-0.04151099920272827,0.996616005897522,0,0.036400001496076584,0.2903999984264374,0,1,0.872530996799469,-0.4883109927177429,-0.015529000200331211,0,0.4859650135040283,0.8707320094108582,-0.07526300102472305,0,0.05027399957180023,0.05812299996614456,0.9970430135726929,0,0.05730000138282776,0.3765000104904175,0,1,0.9994900226593018,0.031115002930164337,0.007220999803394079,0,-0.0319410040974617,0.9747989773750305,0.22078798711299896,0,-0.00016899971524253488,-0.22090598940849304,0.9752950072288513,0,0,0.4104999899864197,0.005499999970197678,1,0.9999859929084778,-0.005137000232934952,-0.0013260002015158534,0,0.004841000307351351,0.7812079787254333,0.6242520213127136,0,-0.0021710002329200506,-0.6242499947547913,0.7812219858169556,0,-0.010900000110268593,0.5649999976158142,0,1,0.9996320009231567,-0.02707500196993351,0.0014949998585507274,0,0.026610001921653748,0.9900879859924316,0.13790301978588104,0,-0.005214000586420298,-0.1378130167722702,0.9904450178146362,0,0.009499999694526196,0.43939998745918274,0,1,-0.9852250218391418,-0.15184499323368073,0.0792199894785881,0,0.15857499837875366,-0.9835079908370972,0.08698899298906326,0,0.06470399349927902,0.09826598316431046,0.9930539727210999,0,0.9204999804496765,-0.5292999744415283,0.04129999876022339,1,0.9470840096473694,-0.21454599499702454,0.23875099420547485,0,0.3174560070037842,0.736077070236206,-0.5978399515151978,0,-0.047475021332502365,0.6419979333877563,0.7652350664138794,0,0,2.546299934387207,0,1,0.9697790145874023,-0.08951200544834137,0.22697199881076813,0,-0.21783098578453064,0.10138804465532303,0.9707059860229492,0,-0.109902024269104,-0.9908120036125183,0.07882604748010635,0,0,1.1412999629974365,0,1,0.9831870198249817,-0.00024400003894697875,-0.18260100483894348,0,0.1144229993224144,0.780144989490509,0.6150460243225098,0,0.14230500161647797,-0.6255990266799927,0.7670570015907288,0,0,1.3252999782562256,0,1,-0.9500830173492432,0.19040100276470184,-0.24716398119926453,0,-0.21362000703811646,-0.9743660092353821,0.07054600864648819,0,-0.22739598155021667,0.11982399970293045,0.966401994228363,0,-0.9204999804496765,-0.5292999744415283,0.0421999990940094,1,0.9607399702072144,0.2379380166530609,-0.14270399510860443,0,-0.2770180106163025,0.7939010262489319,-0.5412780046463013,0,-0.01549801230430603,0.5595589876174927,0.8286449909210205,0,0,2.5439999103546143,0,1,0.959650993347168,0.1295899897813797,-0.24955302476882935,0,0.21491402387619019,0.23429198563098907,0.9481130242347717,0,0.181334987282753,-0.9634900093078613,0.19698797166347504,0,0,1.1484999656677246,0,1,0.9828839898109436,0,0.18422499299049377,0,-0.113475002348423,0.7877789735794067,0.6054159998893738,0,-0.14512899518013,-0.6159579753875732,0.7742949724197388,0,0,1.3339999914169312,0,1
K0.100,0.9997550249099731,-0.02196500077843666,0.002572000026702881,0,0.02202799916267395,0.999360978603363,-0.02814299985766411,0,-0.0019519999623298645,0.028192000463604927,0.9996010065078735,0,0.005909999366849661,4.859392166137695,-0.04941000044345856,1,0.9999979734420776,-0.0013160000089555979,0.0013139999937266111,0,0.0013419999741017818,0.9997850060462952,-0.020681999623775482,0,-0.0012860000133514404,0.02068299986422062,0.9997850060462952,0,0,0.9531000256538391,-0.037300001829862595,1,0.9991220235824585,-0.0008590000215917826,0.0418969988822937,0,-0.000012000017704849597,0.999783992767334,0.020778000354766846,0,-0.041905999183654785,-0.020759999752044678,0.9989060163497925,0,0,1.1128000020980835,0,1,0.9991220235824585,-0.000030999981390777975,0.04188700020313263,0,-0.0008360000210814178,0.9997860193252563,0.02069300040602684,0,-0.041877999901771545,-0.02071000076830387,0.9989079833030701,0,0,1.2718000411987305,0,1,0.999629020690918,-0.02310900017619133,-0.014421000145375729,0,0.02302899956703186,0.9997190237045288,-0.005696999840438366,0,0.014549000188708305,0.005363000091165304,0.9998800158500671,0,0,1.430799961090088,0,1,0.997402012348175,0.06373800337314606,0.033567000180482864,0,-0.06670600175857544,0.9931110143661499,0.09634000062942505,0,-0.027194999158382416,-0.09832900017499924,0.9947819709777832,0,0,1.4879000186920166,-0.016899999231100082,1,-0.14488500356674194,-0.006659999955445528,-0.9894260168075562,0,0.9443889856338501,-0.29926198720932007,-0.1362760066986084,0,-0.2951900064945221,-0.95414799451828,0.04964800179004669,0,0.4106000065803528,1.292099952697754,-0.008700000122189522,1,0.9179229736328125,0.35769298672676086,-0.17167900502681732,0,-0.06876999884843826,0.5695919990539551,0.8190460205078125,0,0.39075401425361633,-0.7400140166282654,0.5474399924278259,0,0,0.8744000196456909,0,1,0.8731799721717834,0.48735201358795166,0.006771000102162361,0,-0.48736000061035156,0.8728510141372681,0.024740999564528465,0,0.006147000007331371,-0.02490299940109253,0.9996709823608398,0,0,2.38100004196167,0,1,0.8922839760780334,-0.1777919977903366,-0.41499200463294983,0,0.2692260146141052,0.9474160075187683,0.17297400534152985,0,0.3624170124530792,-0.2660689949989319,0.8932309746742249,0,0,1.4652999639511108,0,1,0.9856569766998291,0.16149400174617767,0.048980001360177994,0,-0.16840100288391113,0.9601050019264221,0.22324900329113007,0,-0.01097199972718954,-0.2282949984073639,0.9735299944877625,0,-0.32659998536109924,0.21979999542236328,0,1,0.9920060038566589,-0.11110299825668335,-0.059831999242305756,0,0.11643300205469131,0.9886890053749084,0.09453500062227249,0,0.04865200072526932,-0.10074599832296371,0.9937220215797424,0,-0.07079999893903732,0.3068999946117401,0,1,0.9247009754180908,0.3801099956035614,0.021074000746011734,0,-0.3791159987449646,0.9244909882545471,-0.03983300179243088,0,-0.034623999148607254,0.02884400077164173,0.9989839792251587,0,-0.028699999675154686,0.3653999865055084,0,1,0.9957950115203857,0.08737099915742874,0.02754499949514866,0,-0.09137099981307983,0.9255380034446716,0.36746498942375183,0,0.006612000055611134,-0.3684369921684265,0.9296290278434753,0,0,0.376800000667572,0.003700000001117587,1,0.9999579787254333,0.009081999771296978,0.0011080000549554825,0,-0.008076000027358532,0.8192129731178284,0.5734320282936096,0,0.00430000014603138,-0.5734170079231262,0.8192520141601562,0,0.0142000000923872,0.5771999955177307,0,1,0.996599018573761,0.08229199796915054,0.004236000124365091,0,-0.07989100366830826,0.9523739814758301,0.2942799925804138,0,0.020183000713586807,-0.29361799359321594,0.9557099938392639,0,-0.017899999395012856,0.4697999954223633,0,1,0.04851900041103363,-0.018543999642133713,0.9986500144004822,0,-0.9692419767379761,-0.2423979938030243,0.04258900135755539,0,0.24128100275993347,-0.9700000286102295,-0.029735000804066658,0,-0.4106000065803528,1.2919000387191772,-0.002099999925121665,1,0.9166110157966614,-0.38692501187324524,0.10056400299072266,0,0.12252800166606903,0.5113400220870972,0.8505989909172058,0,-0.38054001331329346,-0.7673460245132446,0.5161089897155762,0,0,0.8744000196456909,0,1,0.8895329833030701,-0.4568380117416382,-0.005408000200986862,0,0.45684900879859924,0.889316976070404,0.020114000886678696,0,-0.004379999823868275,-0.02036299929022789,0.9997829794883728,0,0,2.3805999755859375,0,1,0.9505259990692139,0.2463030070066452,0.18930399417877197,0,-0.25042200088500977,0.9681339859962463,-0.0022319999989122152,0,-0.18382099270820618,-0.04528399929404259,0.9819160103797913,0,0,1.4652999639511108,0,1,0.9667630195617676,-0.08588600158691406,0.24081799387931824,0,0.00009999996836995706,0.9420179724693298,0.3355630040168762,0,-0.25567498803138733,-0.32438600063323975,0.9107159972190857,0,0.29670000076293945,0.21400000154972076,0,1,0.9968029856681824,0.0319879986345768,0.07321199774742126,0,-0.034949999302625656,0.9986069798469543,0.03953300043940544,0,-0.07184500247240067,-0.04196599870920181,0.9965329766273499,0,0.036400001496076584,0.2903999984264374,0,1,0.8727660179138184,-0.48789000511169434,-0.015592999756336212,0,0.4855459928512573,0.8709750175476074,-0.07515399903059006,0,0.050248000770807266,0.058021001517772675,0.9970499873161316,0,0.05730000138282776,0.3765000104904175,0,1,0.9994410276412964,0.03251200169324875,0.007784999907016754,0,-0.033431001007556915,0.9735810160636902,0.22588300704956055,0,-0.00023499999952036887,-0.22601599991321564,0.9741230010986328,0,0,0.4104999899864197,0.005499999970197678,1,0.999987006187439,-0.004951999988406897,-0.001256000017747283,0,0.004658999852836132,0.7829790115356445,0.6220300197601318,0,-0.0020959998946636915,-0.6220279932022095,0.7829920053482056,0,-0.010900000110268593,0.5649999976158142,0,1,0.999638020992279,-0.026847999542951584,0.001512999995611608,0,0.026399999856948853,0.9905509948730469,0.13458099961280823,0,-0.005111999809741974,-0.13449299335479736,0.990900993347168,0,0.009499999694526196,0.43939998745918274,0,1,-0.9852929711341858,-0.15137599408626556,0.07926099747419357,0,0.158050999045372,-0.983672022819519,0.08607300370931625,0,0.06493700295686722,0.09733399748802185,0.9931309819221497,0,0.9204999804496765,-0.5292999744415283,0.04129999876022339,1,0.9469720125198364,-0.21606700122356415,0.23782199621200562,0,0.318121999502182,0.734561026096344,-0.5993480086326599,0,-0.045194998383522034,0.6432219743728638,0.7643449902534485,0,0,2.546299934387207,0,1,0.9695649743080139,-0.08792100101709366,0.2285040020942688,0,-0.21982599794864655,0.09831699728965759,0.9705719947814941,0,-0.1077990010380745,-0.9912639856338501,0.0759970024228096,0,0,1.1412999629974365,0,1,0.9831939935684204,-0.0002530000056140125,-0.182560995221138,0,0.11444099992513657,0.7799850106239319,0.6152459979057312,0,0.14223900437355042,-0.6257990002632141,0.7669050097465515,0,0,1.3252999782562256,0,1,-0.9497399926185608,0.19154499471187592,-0.24759699404239655,0,-0.2142370045185089,-0.9744150042533875,0.06795399636030197,0,-0.22824600338935852,0.11758299916982651,0.9664769768714905,0,-0.9204999804496765,-0.5292999744415283,0.0421999990940094,1,0.9608089923858643,0.2370460033416748,-0.14371700584888458,0,-0.2768869996070862,0.795632004737854,-0.5387979745864868,0,-0.01337399985641241,0.5574759840965271,0.8300859928131104,0,0,2.5439999103546143,0,1,0.9600419998168945,0.1308870017528534,-0.2473600059747696,0,0.21203899383544922,0.23665300011634827,0.9481750130653381,0,0.18264199793338776,-0.9627379775047302,0.1994439959526062,0,0,1.1484999656677246,0,1,0.9828839898109436,0,0.18422600626945496,0,-0.113475002348423,0.7877789735794067,0.6054149866104126,0,-0.14512899518013,-0.6159570217132568,0.7742959856987,0,0,1.3339999914169312,0,1
