2.933,30,88,41
B0,mixamorig_Hips,-1,0.9998970031738281,0.014317000284790993,-0.0004900000058114529,0,-0.014314999803900719,0.9998940229415894,0.0025569999124854803,0,0.000526999996509403,-0.002549000084400177,0.9999970197677612,0,0.018021000549197197,3.340008020401001,0.49813300371170044,1
B1,mixamorig_Spine,0,0.9996749758720398,-0.024299999698996544,-0.00775599991902709,0,0.025123000144958496,0.9905830025672913,0.13458800315856934,0,0.0044120000675320625,-0.1347389966249466,0.990871012210846,0,0,0.8005399703979492,-0.03759099915623665,1
B2,mixamorig_Spine1,1,0.9999740123748779,-0.0060350000858306885,-0.0039889998733997345,0,0.006020999979227781,0.9999759793281555,-0.003498000092804432,0,0.004009999800473452,0.003473999910056591,0.9999859929084778,0,0,0.9349920153617859,0,1
B3,mixamorig_Spine2,2,0.9999769926071167,-0.0050570000894367695,-0.004561999812722206,0,0.0050409999676048756,0.9999809861183167,-0.003502999898046255,0,0.004579000174999237,0.0034799999557435513,0.999983012676239,0,0,1.0685629844665527,0,1
B4,mixamorig_Neck,3,0.9997100234031677,0.007513999938964844,0.022863000631332397,0,-0.008182000368833542,0.9995390176773071,0.02924799919128418,0,-0.02263299934566021,-0.029425999149680138,0.9993109703063965,0,0,1.202133059501648,0,1
B5,mixamorig_Head,4,0.9928320050239563,-0.08003699779510498,0.08876299858093262,0,0.09251900017261505,0.9848260283470154,-0.14682599902153015,0,-0.07566499710083008,0.15398600697517395,0.9851719737052917,0,0,0.9224550127983093,-0.009983000345528126,1
B6,mixamorig_HeadTop_End,5,1,0,0,0,0,1,0,0,0,0,1,0,0,4.111384868621826,-0.044495001435279846,1
B7,mixamorig_LeftShoulder,3,0.2241480052471161,0.01766500063240528,-0.9743949770927429,0,0.8492220044136047,-0.4940429925918579,0.1863970011472702,0,-0.47810098528862,-0.8692579865455627,-0.12574000656604767,0,0.4001159965991974,1.0502400398254395,-0.013411000370979309,1
B8,mixamorig_LeftArm,7,0.9358929991722107,0.2893019914627075,-0.20101800560951233,0,-0.11873400211334229,0.7962669730186462,0.5931789875030518,0,0.3316720128059387,-0.531283974647522,0.779570996761322,0,0,0.8421840071678162,0,1
B9,mixamorig_LeftForeArm,8,0.46882200241088867,0.8825700283050537,0.03573000058531761,0,-0.8825730085372925,0.46642398834228516,0.0592770017683506,0,0.03565099835395813,-0.059324998408555984,0.9976019859313965,0,0,2.2598960399627686,0,1
B10,mixamorig_LeftHand,9,0.6851930022239685,-0.2289379984140396,-0.6914470195770264,0,-0.3399049937725067,0.7390990257263184,-0.5815460085868835,0,0.6441860198974609,0.6334980130195618,0.4286080002784729,0,0,1.5218909978866577,0,1
B11,mixamorig_LeftHandThumb1,10,0.894120991230011,0.29183799028396606,-0.3396730124950409,0,-0.2947880029678345,0.9545419812202454,0.04414600133895874,0,0.337116003036499,0.06066000089049339,0.939507007598877,0,-0.33055201172828674,0.2697739899158478,0,1
B12,mixamorig_LeftHandThumb2,11,0.9474250078201294,-0.12237399816513062,0.29565098881721497,0,-0.014050999656319618,0.9071739912033081,0.42052099108695984,0,-0.3196679949760437,-0.4025669991970062,0.8577600121498108,0,-0.05436500161886215,0.33697399497032166,0,1
B13,mixamorig_LeftHandThumb3,12,0.958541989326477,-0.034749001264572144,0.2828260064125061,0,0.03735300153493881,0.9992949962615967,-0.00381799996830523,0,-0.2824940085411072,0.01422400027513504,0.959164023399353,0,-0.03624499961733818,0.3719269931316376,0,1
B14,mixamorig_LeftHandThumb4,13,1,0,0,0,0,1,0,0,0,0,1,0,0.09060999751091003,0.2622630000114441,0,1
B15,mixamorig_LeftHandIndex1,10,0.9960770010948181,0.07791999727487564,0.04194600135087967,0,-0.0884770005941391,0.8857740163803101,0.45560601353645325,0,-0.0016540000215172768,-0.4575299918651581,0.8891929984092712,0,0,0.5070120096206665,0.0037150001153349876,1
B16,mixamorig_LeftHandIndex2,15,0.9999120235443115,-0.01300899963825941,-0.00266100000590086,0,0.013093999586999416,0.9328370094299316,0.36006098985671997,0,-0.002202000003308058,-0.36006399989128113,0.9329249858856201,0,0.013106999918818474,0.5729529857635498,0,1
B17,mixamorig_LeftHandIndex3,16,0.9969980120658875,0.07743000239133835,0.000678999989759177,0,-0.0764549970626831,0.9829679727554321,0.16711699962615967,0,0.012272999621927738,-0.16666699945926666,0.9859369993209839,0,-0.01838899962604046,0.46007901430130005,0,1
B18,mixamorig_LeftHandIndex4,17,1,0,0,0,0,1,0,0,0,0,1,0,0.005282000172883272,0.34747499227523804,0,1
B19,mixamorig_RightShoulder,3,-0.08529800176620483,-0.05574699863791466,0.994795024394989,0,-0.8669580221176147,-0.4878990054130554,-0.10167799890041351,0,0.49102699756622314,-0.8711180090904236,-0.006713999900966883,0,-0.4001159965991974,1.0496519804000854,-0.000881000014487654,1
B20,mixamorig_RightArm,19,0.8196449875831604,-0.5479120016098022,0.16725699603557587,0,0.2884159982204437,0.6469370126724243,0.7058950066566467,0,-0.49497300386428833,-0.5303440093994141,0.6882849931716919,0,0,0.8421840071678162,0,1
B21,mixamorig_RightForeArm,20,0.5726240277290344,-0.8195319771766663,-0.021662000566720963,0,0.819566011428833,0.5715929865837097,0.03992300108075142,0,-0.020336000248789787,-0.04061499983072281,0.9989680051803589,0,0,2.2589120864868164,0,1
B22,mixamorig_RightHand,21,0.5512419939041138,0.047835998237133026,0.8329730033874512,0,0.48490700125694275,0.7940660119056702,-0.36650198698043823,0,-0.6789680123329163,0.6059460043907166,0.4145269989967346,0,0,1.522421956062317,0,1
B23,mixamorig_RightHandThumb1,22,0.8876550197601318,-0.45840999484062195,0.04391999915242195,0,0.4572870135307312,0.8886889815330505,0.03347599878907204,0,-0.0543770007789135,-0.009631000459194183,0.9984740018844604,0,0.2807919979095459,0.29051199555397034,0,1
B24,mixamorig_RightHandThumb2,23,0.8628110289573669,0.34853699803352356,-0.3661690056324005,0,-0.09911400079727173,0.8269029855728149,0.5535420179367065,0,0.49571600556373596,-0.44130900502204895,0.7480049729347229,0,0.002346999943256378,0.3232159912586212,0,1
B25,mixamorig_RightHandThumb3,24,0.9247159957885742,0.2727299928665161,-0.26555299758911133,0,-0.2780750095844269,0.9603899717330933,0.018025999888777733,0,0.25995001196861267,0.05717499926686287,0.9639279842376709,0,0.05839800089597702,0.38845300674438477,0,1
B26,mixamorig_RightHandThumb4,25,1,0,0,0,0,1,0,0,0,0,1,0,-0.0607450008392334,0.30424800515174866,0,1
B27,mixamorig_RightHandIndex1,22,0.9957810044288635,-0.08460500091314316,0.035530999302864075,0,0.07347899675369263,0.9671080112457275,0.24352000653743744,0,-0.054965000599622726,-0.23988200724124908,0.9692450165748596,0,0,0.5076540112495422,0.007884000428020954,1
B28,mixamorig_RightHandIndex2,27,0.9998679757118225,-0.016013000160455704,-0.002704000100493431,0,0.015589999966323376,0.899819016456604,0.4359849989414215,0,-0.004548000171780586,-0.4359689950942993,0.8999500274658203,0,-0.010068000294268131,0.5781199932098389,0,1
B29,mixamorig_RightHandIndex3,28,0.998557984828949,-0.05368800088763237,-0.0004090000002179295,0,0.05307300016283989,0.985912024974823,0.15862199664115906,0,-0.008112999610602856,-0.15841500461101532,0.9873390197753906,0,0.012075000442564487,0.4457469880580902,0,1
B30,mixamorig_RightHandIndex4,29,1,0,0,0,0,1,0,0,0,0,1,0,-0.0020069999154657125,0.38201799988746643,0,1
B31,mixamorig_LeftUpLeg,0,-0.9331499934196472,-0.14661699533462524,0.3282279968261719,0,0.3334389925003052,-0.011788000352680683,0.9426980018615723,0,-0.13434599339962006,0.9891229867935181,0.059888001531362534,0,0.8928830027580261,-0.4446220099925995,0.025259999558329582,1
B32,mixamorig_LeftLeg,31,0.9889249801635742,-0.04639799892902374,0.14098000526428223,0,0.1347550004720688,-0.1174049973487854,-0.9838989973068237,0,0.062203001230955124,0.9919999837875366,-0.10985200107097626,0,0,2.4966700077056885,0,1
B33,mixamorig_LeftFoot,32,0.9952009916305542,-0.044516000896692276,0.08714500069618225,0,-0.05304199829697609,0.5029659867286682,0.8626769781112671,0,-0.08223400264978409,-0.8631590008735657,0.4981909990310669,0,0,2.090395927429199,0,1
B34,mixamorig_LeftToeBase,33,0.9953330159187317,-0.00007000000186963007,-0.096499003469944,0,0.05818700045347214,0.7981849908828735,0.5995950102806091,0,0.07698199898004532,-0.6024119853973389,0.7944639921188354,0,0,1.298503041267395,0,1
B35,mixamorig_LeftToe_End,34,1,0,0,0,0,1,0,0,0,0,1,0,0,0.5155649781227112,0,1
B36,mixamorig_RightUpLeg,0,-0.9503610134124756,0.16407600045204163,-0.26437199115753174,0,-0.2675130069255829,0.0030559999868273735,0.963549017906189,0,0.15890300273895264,0.9864429831504822,0.040987998247146606,0,-0.8928830027580261,-0.4446220099925995,0.03346199914813042,1
B37,mixamorig_RightLeg,36,0.9928330183029175,0.05005599930882454,-0.1085209995508194,0,-0.1015240028500557,-0.12580199539661407,-0.9868469834327698,0,-0.06304900348186493,0.9907919764518738,-0.11981900036334991,0,0,2.496256113052368,0,1
B38,mixamorig_RightFoot,37,0.9732189774513245,0.08453500270843506,-0.21377399563789368,0,0.13943800330162048,0.5222470164299011,0.8413169980049133,0,0.1827639937400818,-0.8485940098762512,0.4964730143547058,0,0,2.0825610160827637,0,1
B39,mixamorig_RightToeBase,38,0.9934489727020264,0.000097999996796716,0.11427800357341766,0,-0.07073099911212921,0.7859669923782349,0.614208996295929,0,-0.08975800126791,-0.6182680130004883,0.7808250188827515,0,0,1.2695950269699097,0,1
B40,mixamorig_RightToe_End,39,1,0,0,0,0,1,0,0,0,0,1,0,0,0.5324789881706238,0,1
@34,0,1,2,3,4,5,7,8,9,10,11,12,13,15,16,17,19,20,21,22,23,24,25,27,28,29,31,32,33,34,36,37,38,39
K0,0.9998970627784729,0.014316649176180363,-0.0004902244545519352,0,-0.014315351843833923,0.9998940229415894,0.0025566392578184605,0,0.0005267754895612597,-0.002549360739067197,0.9999969601631165,0,0.018021000549197197,3.340008020401001,0.49813300371170044,1,0.9996749758720398,-0.024299917742609978,-0.00775575777515769,0,0.025123082101345062,0.9905830025672913,0.13458798825740814,0,0.0044122422114014626,-0.13473902642726898,0.990871012210846,0,0,0.8005399703979492,-0.03759099915623665,1,0.9999740719795227,-0.006034971214830875,-0.003988992888480425,0,0.006021028850227594,0.9999759793281555,-0.003498055273666978,0,0.004010006319731474,0.003473945427685976,0.9999860525131226,0,0,0.9349920153617859,0,1,0.9999770522117615,-0.005056980066001415,-0.004561686888337135,0,0.00504101999104023,0.9999809861183167,-0.0035030387807637453,0,0.0045793126337230206,0.003479961073026061,0.999983012676239,0,0,1.0685629844665527,0,1,0.9997100234031677,0.0075141978450119495,0.022863151505589485,0,-0.008181801065802574,0.9995390772819519,0.0292477048933506,0,-0.022632846608757973,-0.029426291584968567,0.9993109107017517,0,0,1.202133059501648,0,1,0.9928320050239563,-0.08003727346658707,0.08876321464776993,0,0.09251872450113297,0.9848260879516602,-0.14682607352733612,0,-0.07566478848457336,0.1539859175682068,0.9851720333099365,0,0,0.9224550127983093,-0.009983000345528126,1,0.22414754331111908,0.017664875835180283,-0.9743951559066772,0,0.8492220640182495,-0.49404317140579224,0.1863965094089508,0,-0.47810059785842896,-0.8692581653594971,-0.12574003636837006,0,0.4001159965991974,1.0502400398254395,-0.013411000370979309,1,0.9358929395675659,0.28930214047431946,-0.2010180652141571,0,-0.11873385310173035,0.7962672710418701,0.5931787490844727,0,0.33167195320129395,-0.5312841534614563,0.7795708179473877,0,0,0.8421840071678162,0,1,0.46882203221321106,0.8825700283050537,0.03572997823357582,0,-0.8825730681419373,0.4664238691329956,0.05927722901105881,0,0.03565097972750664,-0.05932477489113808,0.9976020455360413,0,0,2.2598960399627686,0,1,0.685192883014679,-0.228938028216362,-0.6914470791816711,0,-0.3399050235748291,0.7390989065170288,-0.5815461277961731,0,0.6441860198974609,0.6334978342056274,0.4286082983016968,0,0,1.5218909978866577,0,1,0.894120991230011,0.2918378710746765,-0.33967313170433044,0,-0.2947881519794464,0.9545419216156006,0.04414589703083038,0,0.33711594343185425,0.06065989285707474,0.9395070672035217,0,-0.33055201172828674,0.2697739899158478,0,1,0.9474249482154846,-0.12237439304590225,0.2956509590148926,0,-0.014051396399736404,0.9071738719940186,0.42052119970321655,0,-0.3196680247783661,-0.4025667905807495,0.8577600717544556,0,-0.05436500161886215,0.33697399497032166,0,1,0.9585419297218323,-0.034749049693346024,0.2828260362148285,0,0.037352949380874634,0.9992949366569519,-0.0038179499097168446,0,-0.28249391913414,0.014224049635231495,0.959164023399353,0,-0.03624499961733818,0.3719269931316376,0,1,0.9960770606994629,0.07791975140571594,0.04194602370262146,0,-0.0884772464632988,0.8857739567756653,0.455606073141098,0,-0.0016539802309125662,-0.4575299322605133,0.889193058013916,0,0,0.5070120096206665,0.0037150001153349876,1,0.9999120831489563,-0.01300874724984169,-0.0026608253829181194,0,0.013094251975417137,0.9328370094299316,0.3600609302520752,0,-0.0022018251474946737,-0.36006399989128113,0.9329249858856201,0,0.013106999918818474,0.5729529857635498,0,1,0.9969980120658875,0.07743042707443237,0.0006787460879422724,0,-0.07645458728075027,0.9829680323600769,0.1671168953180313,0,0.012272746302187443,-0.16666708886623383,0.9859369397163391,0,-0.01838899962604046,0.46007901430130005,0,1,-0.08529800176620483,-0.05574715882539749,0.9947950839996338,0,-0.8669582009315491,-0.48789864778518677,-0.10167798399925232,0,0.49102702736854553,-0.8711180090904236,-0.006713687442243099,0,-0.4001159965991974,1.0496519804000854,-0.000881000014487654,1,0.8196449875831604,-0.547912061214447,0.1672568917274475,0,0.28841590881347656,0.64693683385849,0.7058951258659363,0,-0.4949730932712555,-0.5303438305854797,0.6882850527763367,0,0,0.8421840071678162,0,1,0.572624146938324,-0.8195319175720215,-0.02166234329342842,0,0.8195661902427673,0.5715928673744202,0.03992326930165291,0,-0.020336342975497246,-0.04061473160982132,0.9989680051803589,0,0,2.2589120864868164,0,1,0.5512420535087585,0.0478360578417778,0.8329729437828064,0,0.48490703105926514,0.7940660119056702,-0.3665018677711487,0,-0.6789680123329163,0.6059461236000061,0.4145268201828003,0,0,1.522421956062317,0,1,0.8876551985740662,-0.45840978622436523,0.04392004758119583,0,0.4572872817516327,0.8886889219284058,0.03347596526145935,0,-0.054376956075429916,-0.00963103398680687,0.9984740018844604,0,0.2807919979095459,0.29051199555397034,0,1,0.8628109097480774,0.3485371768474579,-0.36616918444633484,0,-0.0991138145327568,0.8269031047821045,0.553541898727417,0,0.49571582674980164,-0.4413090944290161,0.7480050325393677,0,0.002346999943256378,0.3232159912586212,0,1,0.9247161149978638,0.2727300524711609,-0.2655526101589203,0,-0.2780749797821045,0.9603899717330933,0.018025808036327362,0,0.2599503695964813,0.05717480927705765,0.9639279246330261,0,0.05839800089597702,0.38845300674438477,0,1,0.9957810044288635,-0.08460463583469391,0.03553086146712303,0,0.07347935438156128,0.9671079516410828,0.24352003633975983,0,-0.05496513843536377,-0.2398819923400879,0.9692450165748596,0,0,0.5076540112495422,0.007884000428020954,1,0.9998679757118225,-0.01601308025419712,-0.0027041826397180557,0,0.01558991800993681,0.8998191952705383,0.43598473072052,0,-0.004548182245343924,-0.4359692335128784,0.899949848651886,0,-0.010068000294268131,0.5781199932098389,0,1,0.9985580444335938,-0.05368798226118088,-0.0004089278809260577,0,0.05307302623987198,0.985912024974823,0.15862207114696503,0,-0.008112926967442036,-0.15841493010520935,0.9873390793800354,0,0.012075000442564487,0.4457469880580902,0,1,-0.9331499338150024,-0.14661698043346405,0.3282283842563629,0,0.33343902230262756,-0.01178817916661501,0.9426980018615723,0,-0.1343463659286499,0.9891229271888733,0.059887923300266266,0,0.8928830027580261,-0.4446220099925995,0.025259999558329582,1,0.9889249801635742,-0.0463981069624424,0.14097973704338074,0,0.13475488126277924,-0.11740484088659286,-0.9838989973068237,0,0.06220276281237602,0.9919999837875366,-0.10985220223665237,0,0,2.4966700077056885,0,1,0.9952009916305542,-0.04451628401875496,0.08714491873979568,0,-0.053042277693748474,0.502966046333313,0.8626769185066223,0,-0.08223408460617065,-0.8631591200828552,0.4981909394264221,0,0,2.090395927429199,0,1,0.9953330159187317,-0.00006963490159250796,-0.09649883210659027,0,0.05818736180663109,0.798184871673584,0.5995950698852539,0,0.07698217034339905,-0.6024119257926941,0.7944639921188354,0,0,1.298503041267395,0,1,-0.9503609538078308,0.1640758365392685,-0.2643721401691437,0,-0.2675131559371948,0.0030560907907783985,0.9635489583015442,0,0.15890313684940338,0.9864429235458374,0.04098808020353317,0,-0.8928830027580261,-0.4446220099925995,0.03346199914813042,1,0.9928329586982727,0.050055503845214844,-0.10852134972810745,0,-0.10152450203895569,-0.12580229341983795,-0.9868469834327698,0,-0.06304936110973358,0.9907920360565186,-0.11981882899999619,0,0,2.496256113052368,0,1,0.9732189774513245,0.08453504741191864,-0.21377426385879517,0,0.13943804800510406,0.5222468972206116,0.8413170576095581,0,0.1827637255191803,-0.8485939502716064,0.49647319316864014,0,0,2.0825610160827637,0,1,0.9934489727020264,0.00009811784548219293,0.11427774280309677,0,-0.07073088735342026,0.7859670519828796,0.6142089366912842,0,-0.0897582545876503,-0.6182681322097778,0.7808248996734619,0,0,1.2695950269699097,0,1
K0.033,0.9998969435691833,0.014364073984324932,-0.000484178657643497,0,-0.01436292938888073,0.9998940229415894,0.0022760930005460978,0,0.000516821164637804,-0.00226890342310071,0.9999970197677612,0,0.017916999757289886,3.3399600982666016,0.49790099263191223,1,0.999674916267395,-0.024292023852467537,-0.007772432174533606,0,0.02511897310614586,0.990539014339447,0.134913831949234,0,0.004421566147357225,-0.13506518304347992,0.9908269643783569,0,0,0.8005399703979492,-0.03759099915623665,1,0.9999739527702332,-0.006035966333001852,-0.003984988201409578,0,0.006022034212946892,0.9999759793281555,-0.0034990450367331505,0,0.004006011411547661,0.0034749547485262156,0.999985933303833,0,0,0.9349920153617859,0,1,0.9999769330024719,-0.00505797378718853,-0.0045571825467050076,0,0.0050420258194208145,0.9999809861183167,-0.0035040294751524925,0,0.004574817139655352,0.0034809699282050133,0.999983012676239,0,0,1.0685629844665527,0,1,0.9997090101242065,0.007670341059565544,0.02287103421986103,0,-0.008346662856638432,0.9995260238647461,0.029623867943882942,0,-0.022632965818047523,-0.029806138947606087,0.9992989897727966,0,0,1.202133059501648,0,1,0.9928309917449951,-0.0801478773355484,0.08867000788450241,0,0.09259610623121262,0.984853982925415,-0.14659221470355988,0,-0.07557796686887741,0.15375179052352905,0.9852150082588196,0,0,0.9224550127983093,-0.009983000345528126,1,0.22535273432731628,0.01759074255824089,-0.9741180539131165,0,0.8491811156272888,-0.49368172883987427,0.18753482401371002,0,-0.4776058793067932,-0.8694649338722229,-0.12619034945964813,0,0.4001159965991974,1.0502400398254395,-0.013411000370979309,1,0.9364030361175537,0.28809094429016113,-0.2003837525844574,0,-0.11781006306409836,0.7959450483322144,0.5937950015068054,0,0.33056125044822693,-0.5324239134788513,0.7792648673057556,0,0,0.8421840071678162,0,1,0.46821674704551697,0.8828890323638916,0.03577063977718353,0,-0.8828928470611572,0.4658162295818329,0.05929872766137123,0,0.03569163754582405,-0.0593462698161602,0.9975990056991577,0,0,2.2598960399627686,0,1,0.685207188129425,-0.22897611558437347,-0.6914188265800476,0,-0.34027811884880066,0.7386877536773682,-0.5818511843681335,0,0.643973171710968,0.6339638233184814,0.42823898792266846,0,0,1.5218909978866577,0,1,0.8940879702568054,0.2919589877128601,-0.3396551012992859,0,-0.29488199949264526,0.9545090198516846,0.04424197971820831,0,0.3371208608150482,0.060601990669965744,0.9395089745521545,0,-0.33055201172828674,0.2697739899158478,0,1,0.9475220441818237,-0.12244818359613419,0.2953106164932251,0,-0.014120189473032951,0.9068079590797424,0.4213061034679413,0,-0.3193783462047577,-0.4033668637275696,0.8574919700622559,0,-0.05436500161886215,0.33697399497032166,0,1,0.9585800170898438,-0.03507807105779648,0.2826538681983948,0,0.03782693296670914,0.9992750287055969,-0.004272014833986759,0,-0.28229910135269165,0.014786996878683567,0.9592119455337524,0,-0.03624499961733818,0.3719269931316376,0,1,0.996038019657135,0.07821986824274063,0.04231574013829231,0,-0.08891411870718002,0.8855158686637878,0.4560222029685974,0,-0.0018012638902291656,-0.457977831363678,0.8889620900154114,0,0,0.5070120096206665,0.0037150001153349876,1,0.9999120831489563,-0.01300874724984169,-0.0026608253829181194,0,0.013094251975417137,0.9328370094299316,0.3600609302520752,0,-0.0022018251474946737,-0.36006399989128113,0.9329249858856201,0,0.013106999918818474,0.5729529857635498,0,1,0.9969980716705322,0.07742996513843536,0.0006782044074498117,0,-0.0764540284872055,0.9829679727554321,0.1671169102191925,0,0.012273203581571579,-0.16666708886623383,0.9859369397163391,0,-0.01838899962604046,0.46007901430130005,0,1,-0.08529703319072723,-0.05578513443470001,0.9947929978370667,0,-0.8667460083961487,-0.488271027803421,-0.10169867426156998,0,0.491401731967926,-0.8709071278572083,-0.00670345826074481,0,-0.4001159965991974,1.0496519804000854,-0.000881000014487654,1,0.8200429081916809,-0.5475050806999207,0.16663406789302826,0,0.28857001662254333,0.6470144987106323,0.7057616114616394,0,-0.4942229688167572,-0.5306695103645325,0.6885735988616943,0,0,0.8421840071678162,0,1,0.5724179148674011,-0.8196760416030884,-0.021672448143363,0,0.8197101354598999,0.5713860392570496,0.039930179715156555,0,-0.020346449688076973,-0.04062182456254959,0.9989669919013977,0,0,2.2589120864868164,0,1,0.5503553152084351,0.04688270017504692,0.8336138129234314,0,0.4854316711425781,0.7943640351295471,-0.365159273147583,0,-0.6793122887611389,0.6056297421455383,0.41442397236824036,0,0,1.522421956062317,0,1,0.8874849677085876,-0.45874518156051636,0.04384483024477959,0,0.4576118588447571,0.8885130882263184,0.03369717299938202,0,-0.05441516637802124,-0.009841829538345337,0.9984700083732605,0,0.2807919979095459,0.29051199555397034,0,1,0.8632630109786987,0.34841468930244446,-0.36521825194358826,0,-0.0983613133430481,0.8258038759231567,0.5553131103515625,0,0.4950777590274811,-0.44345784187316895,0.7471562623977661,0,0.002346999943256378,0.3232159912586212,0,1,0.924280047416687,0.2743441164493561,-0.26540684700012207,0,-0.2802989184856415,0.9597799777984619,0.015957772731781006,0,0.25911015272140503,0.05964380130171776,0.9640039205551147,0,0.05839800089597702,0.38845300674438477,0,1,0.9957749843597412,-0.08467770367860794,0.035512033849954605,0,0.07355527579784393,0.9671039581298828,0.24351288378238678,0,-0.05496396869421005,-0.2398720681667328,0.9692469239234924,0,0,0.5076540112495422,0.007884000428020954,1,0.9998700022697449,-0.01588708907365799,-0.0026722310576587915,0,0.015466911718249321,0.900236964225769,0.4351250231266022,0,-0.004507231060415506,-0.4351099729537964,0.9003660082817078,0,-0.010068000294268131,0.5781199932098389,0,1,0.9985640048980713,-0.053561266511678696,-0.00038391881389543414,0,0.05295172706246376,0.986069917678833,0.15767906606197357,0,-0.008066918700933456,-0.15747295320034027,0.9874899983406067,0,0.012075000442564487,0.4457469880580902,0,1,-0.9331390857696533,-0.14674143493175507,0.32820555567741394,0,0.333463579416275,-0.012085194699466228,0.9426851272583008,0,-0.1343645602464676,0.9891010522842407,0.060210101306438446,0,0.8928830027580261,-0.4446220099925995,0.025259999558329582,1,0.9889219403266907,-0.046445488929748535,0.140985369682312,0,0.13475549221038818,-0.11740007996559143,-0.9838989973068237,0,0.062249381095170975,0.9919979572296143,-0.10984073579311371,0,0,2.4966700077056885,0,1,0.9951929450035095,-0.044658076018095016,0.0871572196483612,0,-0.05298206955194473,0.5029658675193787,0.862680971622467,0,-0.08236280083656311,-0.8631519675254822,0.49818214774131775,0,0,2.090395927429199,0,1,0.9953330159187317,-0.00006964998465264216,-0.0964987725019455,0,0.058187343180179596,0.7981858849525452,0.5995950698852539,0,0.07698222249746323,-0.6024119257926941,0.7944650650024414,0,0,1.298503041267395,0,1,-0.9503489136695862,0.16410422325134277,-0.2643970251083374,0,-0.26754578948020935,0.003018065821379423,0.9635400772094727,0,0.15891903638839722,0.986437976360321,0.04103714972734451,0,-0.8928830027580261,-0.4446220099925995,0.03346199914813042,1,0.9928380846977234,0.049836792051792145,-0.1085817962884903,0,-0.10161621868610382,-0.12571589648723602,-0.9868480563163757,0,-0.06283178925514221,0.9908139705657959,-0.11975130438804626,0,0,2.496256113052368,0,1,0.9732769131660461,0.08362196385860443,-0.21386708319187164,0,0.13994596898555756,0.5224069952964783,0.8411340713500977,0,0.18206290900707245,-0.8485860228538513,0.4967440366744995,0,0,2.0825610160827637,0,1,0.9934399724006653,0.00008408764551859349,0.11435117572546005,0,-0.07072190940380096,0.7862658500671387,0.6138272285461426,0,-0.08985884487628937,-0.6178877949714661,0.7811141610145569,0,0,1.2695950269699097,0,1
K0.067,0.9998940229415894,0.014552013948559761,-0.00047928921412676573,0,-0.014550982043147087,0.9998920559883118,0.0020940997637808323,0,0.0005097108660265803,-0.002086903899908066,0.9999979138374329,0,0.017847999930381775,3.3400700092315674,0.4976609945297241,1,0.9996749758720398,-0.024299217388033867,-0.007704908959567547,0,0.02511778101325035,0.9905139803886414,0.13509614765644073,0,0.0043490915559232235,-0.13524584472179413,0.9908030033111572,0,0,0.8005399703979492,-0.03759099915623665,1,0.9999739527702332,-0.00603696471080184,-0.003982983995229006,0,0.006023035384714603,0.9999759793281555,-0.003500040853396058,0,0.0040040165185928345,0.003475958714261651,0.999985933303833,0,0,0.9349920153617859,0,1,0.9999769330024719,-0.005057972855865955,-0.004555180203169584,0,0.005042026750743389,0.9999809861183167,-0.0035050243604928255,0,0.004572819918394089,0.003481975058093667,0.999983012676239,0,0,1.0685629844665527,0,1,0.9997069835662842,0.00786015298217535,0.02287970297038555,0,-0.008543843403458595,0.9995149970054626,0.029939129948616028,0,-0.022633293643593788,-0.03012586012482643,0.9992899298667908,0,0,1.202133059501648,0,1,0.9928780198097229,-0.07977475225925446,0.08848074078559875,0,0.09220924973487854,0.9848660230636597,-0.14675620198249817,0,-0.07543424516916275,0.15386977791786194,0.9852079749107361,0,0,0.9224550127983093,-0.009983000345528126,1,0.22576816380023956,0.017649294808506966,-0.9740210175514221,0,0.8490898609161377,-0.493714302778244,0.1878643035888672,0,-0.4775722920894623,-0.8694449663162231,-0.12645083665847778,0,0.4001159965991974,1.0502400398254395,-0.013411000370979309,1,0.9366089105606079,0.28762108087539673,-0.20009523630142212,0,-0.11753790080547333,0.7959139347076416,0.5938901305198669,0,0.3300738036632538,-0.5327239036560059,0.7792661786079407,0,0,0.8421840071678162,0,1,0.46805086731910706,0.8829771280288696,0.0357813835144043,0,-0.8829799294471741,0.4656490981578827,0.05930501967668533,0,0.0357033833861351,-0.059351976960897446,0.9975979924201965,0,0,2.2598960399627686,0,1,0.6850919127464294,-0.22910913825035095,-0.691490113735199,0,-0.34018611907958984,0.7387627363204956,-0.5818102955818176,0,0.6441449522972107,0.6338286399841309,0.4281804859638214,0,0,1.5218909978866577,0,1,0.894370973110199,0.29183703660964966,-0.33901581168174744,0,-0.29486897587776184,0.9545340538024902,0.043791964650154114,0,0.3363821506500244,0.06079895421862602,0.9397609233856201,0,-0.33055201172828674,0.2697739899158478,0,1,0.9476380944252014,-0.1225217655301094,0.29490891098976135,0,-0.014213766902685165,0.9063760042190552,0.42223307490348816,0,-0.31903111934661865,-0.4043159484863281,0.8571749925613403,0,-0.05436500161886215,0.33697399497032166,0,1,0.9586600065231323,-0.035449251532554626,0.28233805298805237,0,0.03837774693965912,0.9992520213127136,-0.004846934229135513,0,-0.28195494413375854,0.015482054091989994,0.959303081035614,0,-0.03624499961733818,0.3719269931316376,0,1,0.9960049986839294,0.07846187800168991,0.042627688497304916,0,-0.08927212655544281,0.8854880332946777,0.45600488781929016,0,-0.0019673078786581755,-0.4579890966415405,0.8889559507369995,0,0,0.5070120096206665,0.0037150001153349876,1,0.9999120831489563,-0.01300874724984169,-0.0026608253829181194,0,0.013094251975417137,0.9328370094299316,0.3600609302520752,0,-0.0022018251474946737,-0.36006399989128113,0.9329249858856201,0,0.013106999918818474,0.5729529857635498,0,1,0.9969979524612427,0.07743091881275177,0.0006787882884964347,0,-0.07645507901906967,0.9829679727554321,0.16711688041687012,0,0.012272787280380726,-0.16666707396507263,0.9859369397163391,0,-0.01838899962604046,0.46007901430130005,0,1,-0.08529272675514221,-0.05582203343510628,0.9947910308837891,0,-0.8665381073951721,-0.4886361360549927,-0.10171583294868469,0,0.49176889657974243,-0.8707001209259033,-0.006694910582154989,0,-0.4001159965991974,1.0496519804000854,-0.000881000014487654,1,0.8204580545425415,-0.547076940536499,0.16599594056606293,0,0.28862202167510986,0.64699387550354,0.7057591080665588,0,-0.49350306391716003,-0.5311358571052551,0.6887300610542297,0,0,0.8421840071678162,0,1,0.5723270773887634,-0.8197388648986816,-0.021676847711205482,0,0.8197730183601379,0.5712949633598328,0.03993311896920204,0,-0.020350849255919456,-0.04062488302588463,0.9989669919013977,0,0,2.2589120864868164,0,1,0.549595057964325,0.04644080623984337,0.8341400027275085,0,0.48583081364631653,0.7944990396499634,-0.36433619260787964,0,-0.6796429753303528,0.6054878830909729,0.414090096950531,0,0,1.522421956062317,0,1,0.8874471187591553,-0.4588457942008972,0.0435679629445076,0,0.45772024989128113,0.8884608745574951,0.03360303118824959,0,-0.054127037525177,-0.009878970682621002,0.9984850287437439,0,0.2807919979095459,0.29051199555397034,0,1,0.8635880351066589,0.348309725522995,-0.3645491600036621,0,-0.09783629328012466,0.8250482082366943,0.5565286874771118,0,0.4946148693561554,-0.4449453055858612,0.7465788722038269,0,0.002346999943256378,0.3232159912586212,0,1,0.9239540696144104,0.275529682636261,-0.26531708240509033,0,-0.28191131353378296,0.9593309164047241,0.014514836482703686,0,0.2585259675979614,0.06138479709625244,0.9640519618988037,0,0.05839800089597702,0.38845300674438477,0,1,0.9957780241966248,-0.08463998883962631,0.03552209213376045,0,0.07351600378751755,0.96710604429245,0.2435167133808136,0,-0.05496491119265556,-0.23987728357315063,0.9692459106445312,0,0,0.5076540112495422,0.007884000428020954,1,0.9998699426651001,-0.01590990088880062,-0.0026777812745422125,0,0.015489098615944386,0.9001631140708923,0.4352777302265167,0,-0.004514781758189201,-0.4352622628211975,0.9002918601036072,0,-0.010068000294268131,0.5781199932098389,0,1,0.9985629320144653,-0.053583256900310516,-0.0003881653246935457,0,0.052972737699747086,0.9860420823097229,0.1578461080789566,0,-0.008075164631009102,-0.15763990581035614,0.9874640107154846,0,0.012075000442564487,0.4457469880580902,0,1,-0.9331368803977966,-0.1468309909105301,0.3281705677509308,0,0.3334750235080719,-0.012386010028421879,0.9426780343055725,0,-0.13434958457946777,0.9890839457511902,0.06052218750119209,0,0.8928830027580261,-0.4446220099925995,0.025259999558329582,1,0.9889159798622131,-0.0464586578309536,0.14102204144001007,0,0.13481934368610382,-0.1169409230351448,-0.9839450120925903,0,0.062204040586948395,0.9920520186424255,-0.1093812808394432,0,0,2.4966700077056885,0,1,0.9951919317245483,-0.04473715275526047,0.08713393658399582,0,-0.05289015918970108,0.5033019185066223,0.8624901175498962,0,-0.08244005590677261,-0.8629519939422607,0.4985159933567047,0,0,2.090395927429199,0,1,0.9953330159187317,-0.0000701509925420396,-0.09649894386529922,0,0.05818784981966019,0.7981859445571899,0.5995950698852539,0,0.0769820585846901,-0.6024119257926941,0.7944650650024414,0,0,1.298503041267395,0,1,-0.9504059553146362,0.16417096555233002,-0.26415079832077026,0,-0.26732102036476135,0.0028812335804104805,0.9636030197143555,0,0.158956840634346,0.9864280223846436,0.041148096323013306,0,-0.8928830027580261,-0.4446220099925995,0.03346199914813042,1,0.9928609728813171,0.049756865948438644,-0.1084059476852417,0,-0.10145213454961777,-0.12569908797740936,-0.9868669509887695,0,-0.06272995471954346,0.9908199310302734,-0.11975380033254623,0,0,2.496256113052368,0,1,0.9732659459114075,0.08377774059772491,-0.21385443210601807,0,0.1398497372865677,0.5224370956420898,0.8411309719085693,0,0.18219362199306488,-0.8485519886016846,0.49675413966178894,0,0,2.0825610160827637,0,1,0.99344402551651,0.00009020986908581108,0.11431774497032166,0,-0.07072579115629196,0.7861300110816956,0.6140009760856628,0,-0.08981326222419739,-0.6180610656738281,0.7809829711914062,0,0,1.2695950269699097,0,1
K0.100,0.9998909831047058,0.014742971397936344,-0.0004500612267293036,0,-0.014742028899490833,0.9998890161514282,0.00202992744743824,0,0.0004799387534148991,-0.002023072447627783,0.9999979734420776,0,0.01775600016117096,3.3402860164642334,0.4975090026855469,1,0.9996750354766846,-0.02429693192243576,-0.007693138439208269,0,0.025114070624113083,0.990509033203125,0.13513080775737762,0,0.00433686189353466,-0.13528020679950714,0.9907979965209961,0,0,0.8005399703979492,-0.03759099915623665,1,0.9999739527702332,-0.006036966573446989,-0.003982981201261282,0,0.006023033522069454,0.9999759793281555,-0.0035010408610105515,0,0.004004019312560558,0.0034769587218761444,0.999985933303833,0,0,0.9349920153617859,0,1,0.9999769330024719,-0.005057975184172392,-0.00455517740920186,0,0.005042024422436953,0.9999809861183167,-0.003506024368107319,0,0.004572822246700525,0.0034829750657081604,0.999983012676239,0,0,1.0685629844665527,0,1,0.9997050166130066,0.00808833260089159,0.022887812927365303,0,-0.008775667287409306,0.9995089769363403,0.03009101375937462,0,-0.022633185610175133,-0.030282987281680107,0.9992849826812744,0,0,1.202133059501648,0,1,0.9929199814796448,-0.07924609631299973,0.08848576247692108,0,0.09169288724660873,0.9848999381065369,-0.14685112237930298,0,-0.07551223784685135,0.15392489731311798,0.9851930141448975,0,0,0.9224550127983093,-0.009983000345528126,1,0.22574371099472046,0.017679063603281975,-0.974026083946228,0,0.8489779829978943,-0.4939320683479309,0.18779700994491577,0,-0.47778287529945374,-0.8693210482597351,-0.12651123106479645,0,0.4001159965991974,1.0502400398254395,-0.013411000370979309,1,0.9365999698638916,0.2876630425453186,-0.20007434487342834,0,-0.11765406280755997,0.7960171699523926,0.59372878074646,0,0.33005669713020325,-0.5325472354888916,0.7793949842453003,0,0,0.8421840071678162,0,1,0.4680209159851074,0.8829929828643799,0.035783059895038605,0,-0.8829958438873291,0.4656190574169159,0.05930551886558533,0,0.03570505976676941,-0.05935247987508774,0.9975980520248413,0,0,2.2598960399627686,0,1,0.6851189732551575,-0.22905075550079346,-0.6914821267127991,0,-0.33991876244544983,0.7390521764755249,-0.5815989375114441,0,0.6442568898200989,0.6335120797157288,0.4284799098968506,0,0,1.5218909978866577,0,1,0.8945440649986267,0.29173606634140015,-0.33864477276802063,0,-0.29483386874198914,0.9545570015907288,0.04351704195141792,0,0.33595120906829834,0.06091604009270668,0.939906895160675,0,-0.33055201172828674,0.2697739899158478,0,1,0.9476761221885681,-0.12253287434577942,0.2947796881198883,0,-0.014253869652748108,0.9062389731407166,0.422526091337204,0,-0.3189143240451813,-0.40461987257003784,0.8570749163627625,0,-0.05436500161886215,0.33697399497032166,0,1,0.9586939811706543,-0.03565913811326027,0.28219589591026306,0,0.03865385800600052,0.9992400407791138,-0.005050331354141235,0,-0.28180113434791565,0.015749668702483177,0.9593430161476135,0,-0.03624499961733818,0.3719269931316376,0,1,0.9959980249404907,0.0785098746418953,0.042703885585069656,0,-0.08934913575649261,0.8856220841407776,0.455731064081192,0,-0.0020401161164045334,-0.457722932100296,0.8890929222106934,0,0,0.5070120096206665,0.0037150001153349876,1,0.9999120235443115,-0.012991045601665974,-0.002659425837919116,0,0.013076952658593655,0.932790994644165,0.36017993092536926,0,-0.0021984255872666836,-0.36018306016921997,0.9328789114952087,0,0.013106999918818474,0.5729529857635498,0,1,0.9969959855079651,0.07744691520929337,0.000683092453982681,0,-0.07647008448839188,0.9829459190368652,0.16724412143230438,0,0.012281091883778572,-0.16679386794567108,0.9859150052070618,0,-0.01838899962604046,0.46007901430130005,0,1,-0.08525808155536652,-0.05584622547030449,0.9947929382324219,0,-0.8663939833641052,-0.4888960123062134,-0.10169964283704758,0,0.49202972650527954,-0.8705531358718872,-0.006702497135847807,0,-0.4001159965991974,1.0496519804000854,-0.000881000014487654,1,0.8207790851593018,-0.5467499494552612,0.16548694670200348,0,0.28860601782798767,0.6468979120254517,0.7058539390563965,0,-0.4929790496826172,-0.5315898656845093,0.688755989074707,0,0,0.8421840071678162,0,1,0.5722821950912476,-0.8197699189186096,-0.021679028868675232,0,0.8198040723800659,0.5712499618530273,0.039934586733579636,0,-0.020353028550744057,-0.040626414120197296,0.9989669919013977,0,0,2.2589120864868164,0,1,0.5490259528160095,0.04649460315704346,0.8345109820365906,0,0.4860016405582428,0.7945442199707031,-0.3640090823173523,0,-0.6799800992012024,0.6054239273071289,0.41362884640693665,0,0,1.522421956062317,0,1,0.8875110149383545,-0.45873600244522095,0.043425727635622025,0,0.4576209485530853,0.8885189890861511,0.03343690559267998,0,-0.053923264145851135,-0.009803091175854206,0.998496949672699,0,0.2807919979095459,0.29051199555397034,0,1,0.8637790679931641,0.34818220138549805,-0.3642198145389557,0,-0.09753181040287018,0.8247071504592896,0.5570878386497498,0,0.494342178106308,-0.4456772208213806,0.746322751045227,0,0.002346999943256378,0.3232159912586212,0,1,0.9237749576568604,0.2761459946632385,-0.2652992904186249,0,-0.2827439606189728,0.9590960144996643,0.013790980912744999,0,0.2582556903362274,0.062271978706121445,0.9640670418739319,0,0.05839800089597702,0.38845300674438477,0,1,0.99577796459198,-0.08464834094047546,0.035520102828741074,0,0.07352463901042938,0.96710604429245,0.2435159534215927,0,-0.05496489629149437,-0.23987604677677155,0.969245970249176,0,0,0.5076540112495422,0.007884000428020954,1,0.9998689889907837,-0.0159679614007473,-0.0026931236498057842,0,0.015546038746833801,0.899969220161438,0.43567556142807007,0,-0.004533123224973679,-0.4356604814529419,0.9000998139381409,0,-0.010068000294268131,0.5781199932098389,0,1,0.9985600113868713,-0.05364198237657547,-0.00040011038072407246,0,0.05302902311086655,0.985969066619873,0.15828286111354828,0,-0.008096111007034779,-0.1580761820077896,0.9873939752578735,0,0.012075000442564487,0.4457469880580902,0,1,-0.9331387877464294,-0.1468411237001419,0.3281623423099518,0,0.3334978222846985,-0.01261206530034542,0.9426670074462891,0,-0.13428336381912231,0.9890799522399902,0.060739971697330475,0,0.8928830027580261,-0.4446220099925995,0.025259999558329582,1,0.9889110326766968,-0.046501290053129196,0.14104364812374115,0,0.13485272228717804,-0.11667774617671967,-0.9839720129966736,0,0.062212634831666946,0.9920809268951416,-0.10911308228969574,0,0,2.4966700077056885,0,1,0.9951939582824707,-0.044673919677734375,0.08713838458061218,0,-0.05291491746902466,0.5034151673316956,0.8624228835105896,0,-0.08239460736513138,-0.8628891110420227,0.49863192439079285,0,0,2.090395927429199,0,1,0.9953320622444153,-0.00006628265691688284,-0.09651203453540802,0,0.05818571895360947,0.7982398867607117,0.59952312707901,0,0.0769999697804451,-0.6023398637771606,0.7945170998573303,0,0,1.298503041267395,0,1,-0.9504309892654419,0.16429997980594635,-0.26398327946662903,0,-0.26716703176498413,0.0028159574139863253,0.9636460542678833,0,0.15907031297683716,0.9864060282707214,0.04121902585029602,0,-0.8928830027580261,-0.4446220099925995,0.03346199914813042,1,0.9928860068321228,0.04960503801703453,-0.108248271048069,0,-0.10131596773862839,-0.1256629079580307,-0.9868860840797424,0,-0.06255727261304855,0.9908319115638733,-0.11974307894706726,0,0,2.496256113052368,0,1,0.9732580184936523,0.08400176465511322,-0.21380485594272614,0,0.13968974351882935,0.5224549770355225,0.8411470055580139,0,0.1823611557483673,-0.848518967628479,0.49674904346466064,0,0,2.0825610160827637,0,1,0.9934509992599487,0.00010193726484430954,0.11425688862800598,0,-0.07073306292295456,0.7858840227127075,0.6143149733543396,0,-0.08973010629415512,-0.6183740496635437,0.7807450294494629,0,0,1.2695950269699097,0,1
