0.967,30,29,41
B0,mixamorig_Hips,-1,0.9882923364639282,-0.042943213135004044,-0.14629456400871277,0,0.04099865257740021,0.9990100860595703,-0.016274236142635345,0,0.14684438705444336,0.010091717354953289,0.989106297492981,0,0.08709263801574707,4.665560722351074,0.026442674919962883,1
B1,mixamorig_Spine,0,0.9985364675521851,0.04275041073560715,0.03297656401991844,0,-0.04258346185088158,0.9990720748901367,-0.005732801277190447,0,-0.033190030604600906,0.004325462505221367,0.9994382262229919,0,0,0.9531350135803223,-0.037317000329494476,1
B2,mixamorig_Spine1,1,0.9970178008079529,0.0067540118470788,0.0768250823020935,0,-0.008864660747349262,0.9995901584625244,0.027155954390764236,0,-0.0766107365489006,-0.027751997113227844,0.996672511100769,0,0,1.1128419637680054,0,1
B3,mixamorig_Spine2,2,0.9970955848693848,0.0005008283187635243,0.07610759139060974,0,0.0035546107683330774,0.9985787272453308,-0.05314590409398079,0,-0.07602670043706894,0.053266122937202454,0.9956796765327454,0,0,1.2718199491500854,0,1
B4,mixamorig_Neck,3,0.9992823004722595,-0.037863839417696,0.0008644872577860951,0,0.03787129372358322,0.9986387491226196,-0.03586806729435921,0,0.0004950385191477835,0.035874705761671066,0.9993560314178467,0,0,1.4307960271835327,0,1
B5,mixamorig_Head,4,0.9998438954353333,-0.01722484640777111,-0.002720828168094158,0,0.017222806811332703,0.9998411536216736,-0.002988341497257352,0,0.0027776823844760656,0.002944999374449253,0.9999850988388062,0,0,1.4879059791564941,-0.016852999106049538,1
B6,mixamorig_HeadTop_End,5,1,0,0,0,0,1,0,0,0,0,1,0,0,3.5663199424743652,-0.040394000709056854,1
B7,mixamorig_LeftShoulder,3,0.36475077271461487,0.13424672186374664,-0.9213711023330688,0,0.9024302363395691,-0.29463285207748413,0.3143261671066284,0,-0.22926978766918182,-0.9461328983306885,-0.22861146926879883,0,0.41061899065971375,1.2921169996261597,-0.008731000125408173,1
B8,mixamorig_LeftArm,7,0.9714102745056152,-0.2347210943698883,-0.034875985234975815,0,0.18019746243953705,0.6336759924888611,0.7521909475326538,0,-0.1545179933309555,-0.7369864583015442,0.6578510403633118,0,0,0.8744170069694519,0,1
B9,mixamorig_LeftForeArm,8,0.4069730043411255,0.9128837585449219,0.03043786622583866,0,-0.9128996729850769,0.40543511509895325,0.04634254425764084,0,0.02996983751654625,-0.0466470792889595,0.9984611868858337,0,0,2.381027936935425,0,1
B10,mixamorig_LeftHand,9,0.8101662397384644,0.2527235150337219,-0.5288735032081604,0,-0.3471270203590393,0.9338905811309814,-0.08556674420833588,0,0.4722842574119568,0.25290563702583313,0.8443359136581421,0,0,1.4652780294418335,0,1
B11,mixamorig_LeftHandThumb1,10,0.7227014899253845,0.10466137528419495,-0.683188259601593,0,-0.11892437934875488,0.9925463795661926,0.026252226904034615,0,0.6808492541313171,0.06227546185255051,0.7297588586807251,0,-0.32664498686790466,0.21977299451828003,0,1
B12,mixamorig_LeftHandThumb2,11,0.9229227304458618,-0.02781381458044052,0.38396140933036804,0,-0.07932598143815994,0.9622357487678528,0.26037755608558655,0,-0.3767102062702179,-0.2707690894603729,0.8858744502067566,0,-0.07078500092029572,0.3068999946117401,0,1
B13,mixamorig_LeftHandThumb3,12,0.8088236451148987,0.460950642824173,-0.36511096358299255,0,-0.5075849294662476,0.8607684373855591,-0.037710145115852356,0,0.29690641164779663,0.21581992506980896,0.930188775062561,0,-0.028750000521540642,0.365433007478714,0,1
B14,mixamorig_LeftHandThumb4,13,1,0,0,0,0,1,0,0,0,0,1,0,0.0995350033044815,0.2566410005092621,0,1
B15,mixamorig_LeftHandIndex1,10,0.9975913166999817,-0.04264935478568077,-0.054557207971811295,0,0.037266749888658524,0.994520366191864,-0.09668399393558502,0,0.05842210352420807,0.09442497044801712,0.9937199950218201,0,0,0.3768090009689331,0.003728999989107251,1
B16,mixamorig_LeftHandIndex2,15,0.9993460178375244,-0.036024950444698334,-0.0031723740976303816,0,0.035377323627471924,0.9556256532669067,0.2924521267414093,0,-0.007504467386752367,-0.2923731207847595,0.9562746286392212,0,0.014162000268697739,0.5771740078926086,0,1
B17,mixamorig_LeftHandIndex3,16,0.9981204271316528,0.061233799904584885,-0.002386929001659155,0,-0.06093364208936691,0.995853841304779,0.06754525005817413,0,0.006512954831123352,-0.06727252900600433,0.9977135062217712,0,-0.017866000533103943,0.46982499957084656,0,1
B18,mixamorig_LeftHandIndex4,17,1,0,0,0,0,1,0,0,0,0,1,0,0.003703000023961067,0.359375,0,1
B19,mixamorig_RightShoulder,3,0.03770928829908371,0.014107326045632362,0.9991743564605713,0,-0.9224852323532104,-0.3838888704776764,0.04024095460772514,0,0.3841395080089569,-0.92326819896698,-0.0014496792573481798,0,-0.41061899065971375,1.2918590307235718,-0.0021379999816417694,1
B20,mixamorig_RightArm,19,0.793628990650177,0.38976386189460754,0.46692171692848206,0,-0.6010282039642334,0.38486284017562866,0.7003386616706848,0,0.0932459905743599,-0.8365346789360046,0.5398672223091125,0,0,0.8744170069694519,0,1
B21,mixamorig_RightForeArm,20,0.8672729730606079,-0.4977820813655853,-0.006388268433511257,0,0.497793972492218,0.8670119643211365,0.02191786840558052,0,-0.0053719873540103436,-0.022188402712345123,0.9997389912605286,0,0,2.380605936050415,0,1
B22,mixamorig_RightHand,21,0.7477928996086121,-0.0013551346492022276,0.6638979911804199,0,-0.11974027007818222,0.9832631945610046,0.13697606325149536,0,-0.6529696583747864,-0.18192322552204132,0.735116720199585,0,0,1.4653400182724,0,1
B23,mixamorig_RightHandThumb1,22,0.8573424816131592,-0.20363087952136993,0.47272005677223206,0,0.11061903834342957,0.9698252081871033,0.2171282172203064,0,-0.502663254737854,-0.13387875258922577,0.8540372252464294,0,0.2966870069503784,0.2139669954776764,0,1
B24,mixamorig_RightHandThumb2,23,0.97258061170578,0.16610966622829437,0.16267648339271545,0,-0.13167163729667664,0.970186173915863,-0.20335794985294342,0,-0.1915893703699112,0.17638380825519562,0.965478777885437,0,0.03641900047659874,0.2903600037097931,0,1
B25,mixamorig_RightHandThumb3,24,0.7194665670394897,-0.6697781085968018,-0.18374767899513245,0,0.6573825478553772,0.7420850992202759,-0.1309804469347,0,0.22408562898635864,-0.02655663900077343,0.9742074608802795,0,0.057328999042510986,0.3765450119972229,0,1
B26,mixamorig_RightHandThumb4,25,1,0,0,0,0,1,0,0,0,0,1,0,-0.09374800324440002,0.2538999915122986,0,1
B27,mixamorig_RightHandIndex1,22,0.9981344938278198,-0.060999464243650436,0.001109595876187086,0,0.06095380336046219,0.9974964261054993,0.03307640552520752,0,-0.003112114267423749,-0.03294526785612106,0.9993544220924377,0,0,0.41048601269721985,0.0054779998026788235,1
B28,mixamorig_RightHandIndex2,27,0.9999163150787354,0.012955017387866974,0.0003518549492582679,0,-0.011706613004207611,0.8912035226821899,0.4534511864185333,0,0.005561474245041609,-0.45341727137565613,0.8912811279296875,0,-0.010919000022113323,0.5649499893188477,0,1
B29,mixamorig_RightHandIndex3,28,0.9979065656661987,-0.06407663971185684,-0.008785758167505264,0,0.06378927081823349,0.9526882171630859,0.2971780598163605,0,-0.010671786963939667,-0.29711607098579407,0.9547815322875977,0,0.009484999813139439,0.4394350051879883,0,1
B30,mixamorig_RightHandIndex4,29,1,0,0,0,0,1,0,0,0,0,1,0,0.0014349999837577343,0.35677799582481384,0,1
B31,mixamorig_LeftUpLeg,0,-0.9761229157447815,-0.21469074487686157,0.031168684363365173,0,0.20519740879535675,-0.9607717394828796,-0.18522104620933533,0,0.0695972591638565,-0.17449058592319489,0.9819151759147644,0,0.9205089807510376,-0.5293179750442505,0.04128500074148178,1
B32,mixamorig_LeftLeg,31,0.9770126342773438,-0.21167796850204468,0.010374391451478004,0,0.09714153409004211,0.39911842346191406,-0.9100508093833923,0,0.18929164111614227,0.8902567625045776,0.41036128997802734,0,0,2.5462820529937744,0,1
B33,mixamorig_LeftFoot,32,0.9720673561096191,-0.1180407851934433,0.20123665034770966,0,-0.10322132706642151,0.557210385799408,0.8238141536712646,0,-0.2094487100839615,-0.8215204477310181,0.5295547246932983,0,0,1.14130699634552,0,1
B34,mixamorig_LeftToeBase,33,0.9722672700881958,0.0006492358515970409,-0.23123754560947418,0,0.22616052627563477,-0.20319458842277527,0.9461141228675842,0,-0.0499880351126194,-0.9732212424278259,-0.1973966658115387,0,0,1.325289011001587,0,1
B35,mixamorig_LeftToe_End,34,1,0,0,0,0,1,0,0,0,0,1,0,0,0.5155649781227112,0,1
B36,mixamorig_RightUpLeg,0,-0.979659378528595,-0.0808345153927803,-0.18353793025016785,0,-0.012349387630820274,-0.8890023827552795,0.4571566879749298,0,-0.19998785853385925,0.4501684606075287,0.8699764013290405,0,-0.9205089807510376,-0.5293179750442505,0.042149998247623444,1
B37,mixamorig_RightLeg,36,0.9702660441398621,0.23030538856983185,-0.0744122564792633,0,-0.22041864693164825,0.7138376235961914,-0.6647127270698547,0,-0.09996384382247925,0.6613521575927734,0.7433814406394958,0,0,2.5439980030059814,0,1
B38,mixamorig_RightFoot,37,0.9339591860771179,-0.10241280496120453,-0.3423762321472168,0,0.35602617263793945,0.34874647855758667,0.8667047023773193,0,0.030675726011395454,-0.9313661456108093,0.3621688783168793,0,0,1.1484750509262085,0,1
B39,mixamorig_RightToeBase,38,0.9847195744514465,0.0019840230233967304,0.1741376370191574,0,-0.1174994558095932,0.7455992102622986,0.6559500694274902,0,-0.1285356879234314,-0.6663878560066223,0.7344393134117126,0,0,1.3339860439300537,0,1
B40,mixamorig_RightToe_End,39,1,0,0,0,0,1,0,0,0,0,1,0,0,0.5324789881706238,0,1
@34,0,1,2,3,4,5,7,8,9,10,11,12,13,15,16,17,19,20,21,22,23,24,25,27,28,29,31,32,33,34,36,37,38,39
K0.000,0.9833880066871643,-0.05724399909377098,-0.17225100100040436,0,0.055539000779390335,0.9983479976654053,-0.014701000414788723,0,0.17280800640583038,0.004889999981969595,0.9849429726600647,0,0.049942001700401306,4.91482400894165,-0.09488999843597412,1,0.999301016330719,0.03481600061058998,0.013605000451207161,0,-0.034898001700639725,0.9993739724159241,0.005781999789178371,0,-0.013395000249147415,-0.006252999883145094,0.9998909831047058,0,0,0.9531350135803223,-0.037317000329494476,1,0.9991000294685364,0.012027000077068806,0.04066700115799904,0,-0.013186000287532806,0.9995110034942627,0.028338000178337097,0,-0.040307000279426575,-0.028849000111222267,0.9987710118293762,0,0,1.1128419637680054,0,1,0.9991949796676636,0.004871000070124865,0.0398159995675087,0,-0.0028299998957663774,0.9986870288848877,-0.05115000158548355,0,-0.040011998265981674,0.050996001809835434,0.9978970289230347,0,0,1.2718199491500854,0,1,0.9996510148048401,-0.016774000599980354,0.02042200043797493,0,0.017169000580906868,0.9996659755706787,-0.019293999299407005,0,-0.02009199932217598,0.019638000056147575,0.9996050000190735,0,0,1.4307960271835327,0,1,0.9977390170097351,0.006990999914705753,0.06684999912977219,0,-0.005402000155299902,0.9996989965438843,-0.023910999298095703,0,-0.0669969990849495,0.023496000096201897,0.9974759817123413,0,0,1.4879059791564941,-0.016852999106049538,1,0.34000301361083984,0.13161399960517883,-0.9311689734458923,0,0.9082130193710327,-0.30288100242614746,0.28881099820137024,0,-0.24402199685573578,-0.943897008895874,-0.22251400351524353,0,0.41061899065971375,1.2921169996261597,-0.008731000125408173,1,0.9926300048828125,-0.11926600337028503,-0.021498000249266624,0,0.07924500107765198,0.5045679807662964,0.8597270250320435,0,-0.09168899804353714,-0.8550940155982971,0.5102999806404114,0,0,0.8744170069694519,0,1,0.8063769936561584,0.5913140177726746,0.010161999613046646,0,-0.591323971748352,0.8058750033378601,0.030017999932169914,0,0.009561000391840935,-0.030215000733733177,0.9994980096817017,0,0,2.381027936935425,0,1,0.7589489817619324,0.3109939992427826,-0.5720829963684082,0,-0.35527899861335754,0.9340500235557556,0.036437999457120895,0,0.5456860065460205,0.1755940020084381,0.8193860054016113,0,0,1.4652780294418335,0,1,0.7217959761619568,0.12339600175619125,-0.6810169816017151,0,-0.096670001745224,0.9923070073127747,0.0773409977555275,0,0.6853209733963013,0.010010000318288803,0.7281720042228699,0,-0.32664498686790466,0.21977299451828003,0,1,0.9330980181694031,0.0032250001095235348,0.3596090078353882,0,-0.07760900259017944,0.9782029986381531,0.19260400533676147,0,-0.3511489927768707,-0.20762699842453003,0.913008987903595,0,-0.07078500092029572,0.3068999946117401,0,1,0.8244919776916504,0.5488200187683105,-0.1378760039806366,0,-0.5410019755363464,0.8359389901161194,0.09231700003147125,0,0.16592200100421906,-0.0015239999629557133,0.9861379861831665,0,-0.028750000521540642,0.365433007478714,0,1,0.9986799955368042,-0.05097600072622299,-0.006366000045090914,0,0.05065000057220459,0.9977539777755737,-0.043834999203681946,0,0.008585999719798565,0.04345500096678734,0.9990190267562866,0,0,0.3768090009689331,0.003728999989107251,1,0.9993389844894409,-0.03621299937367439,-0.00317499996162951,0,0.0355679988861084,0.9560160040855408,0.29114899039268494,0,-0.0075079998932778835,-0.29106900095939636,0.9566720128059387,0,0.014162000268697739,0.5771740078926086,0,1,0.9981330037117004,0.06103700026869774,-0.0024210000410676003,0,-0.06074399873614311,0.9959629774093628,0.06608899682760239,0,0.006444999948143959,-0.06581900268793106,0.9978110194206238,0,-0.017866000533103943,0.46982499957084656,0,1,0.08338599652051926,0.014543999917805195,0.9964110255241394,0,-0.9177989959716797,-0.38838401436805725,0.08247700333595276,0,0.38819000124931335,-0.9213830232620239,-0.019037000834941864,0,-0.41061899065971375,1.2918590307235718,-0.0021379999816417694,1,0.9127939939498901,0.2008270025253296,0.35563498735427856,0,-0.406700998544693,0.5267800092697144,0.7463899850845337,0,-0.037445999681949615,-0.8259369730949402,0.5625180006027222,0,0,0.8744170069694519,0,1,0.8435410261154175,-0.5370129942893982,-0.007433000020682812,0,0.5370259881019592,0.8432340025901794,0.023645000532269478,0,-0.006430000066757202,-0.023938000202178955,0.999692976474762,0,0,2.380605936050415,0,1,0.7682610154151917,-0.1562740057706833,0.6207680106163025,0,0.10366299748420715,0.9873160123825073,0.12025599926710129,0,-0.6316869854927063,-0.028037000447511673,0.7747160196304321,0,0,1.4653400182724,0,1,0.865513026714325,-0.2602039873600006,0.4279960095882416,0,0.20666499435901642,0.9638689756393433,0.16806699335575104,0,-0.4562639892101288,-0.057013001292943954,0.8880159854888916,0,0.2966870069503784,0.2139669954776764,0,1,0.9667900204658508,0.23037999868392944,0.11064600199460983,0,-0.2152159959077835,0.9673699736595154,-0.13370400667190552,0,-0.13783800601959229,0.10545100271701813,0.9848250150680542,0,0.03641900047659874,0.2903600037097931,0,1,0.7094669938087463,-0.6836699843406677,-0.17103199660778046,0,0.6697630286216736,0.7296040058135986,-0.13818299770355225,0,0.21925699710845947,-0.01651499979197979,0.9755269885063171,0,0.057328999042510986,0.3765450119972229,0,1,0.9974240064620972,-0.06725399941205978,-0.0249439999461174,0,0.07081300020217896,0.9786610007286072,0.19289499521255493,0,0.011439000256359577,-0.19416500627994537,0.9809020161628723,0,0,0.41048601269721985,0.0054779998026788235,1,0.9999150037765503,0.013055000454187393,0.00037399999564513564,0,-0.01181199960410595,0.8917220234870911,0.45242899656295776,0,0.005572999827563763,-0.4523940086364746,0.8918009996414185,0,-0.010919000022113323,0.5649499893188477,0,1,0.9979119896888733,-0.06398700177669525,-0.008736999705433846,0,0.06370200216770172,0.9530349969863892,0.2960839867591858,0,-0.010618000291287899,-0.2960219979286194,0.9551219940185547,0,0.009484999813139439,0.4394350051879883,0,1,-0.9900469779968262,-0.13843999803066254,0.025313999503850937,0,0.1404220014810562,-0.9597300291061401,0.24331200122833252,0,-0.009390000253915787,0.24444499611854553,0.969618022441864,0,0.9205089807510376,-0.5293179750442505,0.04128500074148178,1,0.9907850027084351,-0.10368499904870987,0.08714299649000168,0,0.09946200251579285,0.12027899920940399,-0.9877449870109558,0,0.0919329971075058,0.9873110055923462,0.12948299944400787,0,0,2.5462820529937744,0,1,0.9631829857826233,-0.0334319993853569,0.26676198840141296,0,-0.2543010115623474,0.20867499709129333,0.9443439841270447,0,-0.08723700046539307,-0.9774129986763,0.19248999655246735,0,0,1.14130699634552,0,1,0.9947829842567444,-0.09153400361537933,-0.04503500089049339,0,0.08326199650764465,0.47345200181007385,0.8768759965896606,0,-0.058942001312971115,-0.8760510087013245,0.4786030054092407,0,0,1.325289011001587,0,1,-0.9750789999961853,-0.10346800088882446,-0.1962520033121109,0,0.0872339978814125,-0.9921450018882751,0.08965300023555756,0,-0.2039870023727417,0.07029899954795837,0.9764459729194641,0,-0.9205089807510376,-0.5293179750442505,0.042149998247623444,1,0.9767090082168579,0.21341699361801147,-0.0221950002014637,0,-0.20470400154590607,0.89580899477005,-0.39449000358581543,0,-0.06430800259113312,0.38984501361846924,0.9186319708824158,0,0,2.5439980030059814,0,1,0.9380260109901428,-0.07844600081443787,-0.337568998336792,0,0.3455269932746887,0.286996990442276,0.8934450149536133,0,0.02679399959743023,-0.9547140002250671,0.296315997838974,0,0,1.1484750509262085,0,1,0.9842309951782227,0.0013749999925494194,0.17688199877738953,0,-0.11650999635457993,0.7574489712715149,0.6424139738082886,0,-0.13309599459171295,-0.652891993522644,0.7456660270690918,0,0,1.3339860439300537,0,1
K0.033,0.9883630871772766,-0.0400148369371891,-0.14675860106945038,0,0.0408768504858017,0.9991599917411804,0.002865187358111143,0,0.14652059972286224,-0.008831153623759747,0.9891680479049683,0,0.060068145394325256,4.927895545959473,-0.09333695471286774,1,0.9996020197868347,0.02764793299138546,0.00552390655502677,0,-0.02764493227005005,0.9996179938316345,-0.0006150800618343055,0,-0.005538908299058676,0.0004620823310688138,0.9999849796295166,0,0,0.9531350135803223,-0.037317000329494476,1,0.999750018119812,0.0035999612882733345,0.02207879163324833,0,-0.004106956534087658,0.9997280240058899,0.022947978228330612,0,-0.021989790722727776,-0.023032978177070618,0.9994930028915405,0,0,1.1128419637680054,0,1,0.999754011631012,-0.0045820483937859535,0.021711794659495354,0,0.0057930368930101395,0.9984130263328552,-0.056016020476818085,0,-0.021419793367385864,0.056128013879060745,0.9981939792633057,0,0,1.2718199491500854,0,1,0.9996569752693176,-0.012504062615334988,0.023000990971922874,0,0.012774062342941761,0.9998509883880615,-0.011614033952355385,0,-0.022851990535855293,0.011903034523129463,0.9996680021286011,0,0,1.4307960271835327,0,1,0.9971330165863037,0.01523201260715723,0.07411704212427139,0,-0.014698020182549953,0.999862015247345,-0.007744906470179558,0,-0.0742250457406044,0.00663390476256609,0.9972190260887146,0,0,1.4879059791564941,-0.016852999106049538,1,0.34106478095054626,0.12879592180252075,-0.9311740398406982,0,0.9047759175300598,-0.3137472867965698,0.2879997491836548,0,-0.2550593614578247,-0.94073086977005,-0.22353994846343994,0,0.41061899065971375,1.2921169996261597,-0.008731000125408173,1,0.9803867340087891,-0.19100286066532135,-0.048581287264823914,0,0.13518168032169342,0.4723259210586548,0.8709958791732788,0,-0.1434165984392166,-0.8604798316955566,0.4888821244239807,0,0,0.8744170069694519,0,1,0.841977059841156,0.5394498705863953,0.008354997262358665,0,-0.5394588708877563,0.8415670394897461,0.02738499455153942,0,0.007740996778011322,-0.027564994990825653,0.9995899796485901,0,0,2.381027936935425,0,1,0.7292131185531616,0.26722782850265503,-0.629951000213623,0,-0.2053520232439041,0.9636217951774597,0.1710614562034607,0,0.6527472138404846,0.004620976280421019,0.7575615048408508,0,0,1.4652780294418335,0,1,0.7281460762023926,0.07940652221441269,-0.6808069944381714,0,-0.09394795447587967,0.9954540133476257,0.015625344589352608,0,0.6789529323577881,0.052583448588848114,0.7322959899902344,0,-0.32664498686790466,0.21977299451828003,0,1,0.960338294506073,0.09942545741796494,0.26050782203674316,0,-0.15397530794143677,0.9679979085922241,0.19816890358924866,0,-0.2324679046869278,-0.23042167723178864,0.9449149966239929,0,-0.07078500092029572,0.3068999946117401,0,1,0.732980489730835,0.6486534476280212,-0.20491020381450653,0,-0.6479834914207458,0.757454514503479,0.07986904680728912,0,0.20701712369918823,0.07423625141382217,0.9755169153213501,0,-0.028750000521540642,0.365433007478714,0,1,0.9985989928245544,-0.04642497003078461,-0.025384219363331795,0,0.04682198911905289,0.998786985874176,0.015248323790729046,0,0.024645205587148666,-0.016416333615779877,0.9995610117912292,0,0,0.3768090009689331,0.003728999989107251,1,0.9993569850921631,-0.03571999445557594,-0.0031659998930990696,0,0.03506699576973915,0.9549869894981384,0.2945670187473297,0,-0.00749799981713295,-0.2944890260696411,0.9556260108947754,0,0.014162000268697739,0.5771740078926086,0,1,0.9981030225753784,0.06152000278234482,-0.002337999641895294,0,-0.061208002269268036,0.9956920146942139,0.06965602189302444,0,0.006613000761717558,-0.06938102096319199,0.9975680112838745,0,-0.017866000533103943,0.46982499957084656,0,1,0.08901315182447433,0.014635988511145115,0.9959229826927185,0,-0.9166911244392395,-0.38986173272132874,0.08766113966703415,0,0.3895557224750519,-0.9207571148872375,-0.021286040544509888,0,-0.41061899065971375,1.2918590307235718,-0.0021379999816417694,1,0.9489492177963257,0.1686335653066635,0.2665671408176422,0,-0.3149460554122925,0.553299069404602,0.7711473107337952,0,-0.017449835315346718,-0.8157340288162231,0.5781629681587219,0,0,0.8744170069694519,0,1,0.8351989388465881,-0.5498930811882019,-0.00780000165104866,0,0.5499060750007629,0.8348759412765503,0.024212004616856575,0,-0.006802001968026161,-0.024511003866791725,0.999675989151001,0,0,2.380605936050415,0,1,0.7610070705413818,-0.1217687726020813,0.6372129321098328,0,0.07967081665992737,0.9923329949378967,0.09448185563087463,0,-0.6438329219818115,-0.021134018898010254,0.7648740410804749,0,0,1.4653400182724,0,1,0.8670809268951416,-0.2609851062297821,0.42433199286460876,0,0.21076110005378723,0.9639829397201538,0.16222606599330902,0,-0.4513870179653168,-0.05122999846935272,0.8908569812774658,0,0.2966870069503784,0.2139669954776764,0,1,0.9669510126113892,0.23337602615356445,0.10267487913370132,0,-0.2194630354642868,0.966821014881134,-0.13074102997779846,0,-0.1297798901796341,0.10388604551553726,0.9860860109329224,0,0.03641900047659874,0.2903600037097931,0,1,0.7073010206222534,-0.6865820288658142,-0.168318971991539,0,0.6723809838294983,0.7269099950790405,-0.1396610140800476,0,0.21824198961257935,-0.014391981065273285,0.9757890105247498,0,0.057328999042510986,0.3765450119972229,0,1,0.9969279766082764,-0.0737200677394867,-0.026455018669366837,0,0.07747506350278854,0.9777460098266602,0.19496004283428192,0,0.011494002304971218,-0.19641104340553284,0.9804540276527405,0,0,0.41048601269721985,0.0054779998026788235,1,0.9999150037765503,0.013033000752329826,0.00036900024861097336,0,-0.011788001284003258,0.8916040062904358,0.45266300439834595,0,0.005570000037550926,-0.4526289999485016,0.8916810154914856,0,-0.010919000022113323,0.5649499893188477,0,1,0.9979109764099121,-0.06400799751281738,-0.008748998865485191,0,0.06372199952602386,0.9529560208320618,0.29633599519729614,0,-0.010630998760461807,-0.29627400636672974,0.9550439715385437,0,0.009484999813139439,0.4394350051879883,0,1,-0.9951559901237488,-0.09782874584197998,0.009688950143754482,0,0.09465671330690384,-0.9269165992736816,0.36313191056251526,0,-0.02654402144253254,0.3622899353504181,0.931687593460083,0,0.9205089807510376,-0.5293179750442505,0.04128500074148178,1,0.9899419546127319,-0.08748909085988998,0.11118029803037643,0,0.1299733817577362,0.2520187795162201,-0.9589542746543884,0,0.055878687649965286,0.9637593626976013,0.2608548104763031,0,0,2.5462820529937744,0,1,0.9661350250244141,-0.06726385653018951,0.24911698698997498,0,-0.22992195188999176,0.21382544934749603,0.9494288563728333,0,-0.11712995916604996,-0.9745528697967529,0.1911194622516632,0,0,1.14130699634552,0,1,0.9936389327049255,-0.04666867479681969,-0.10249052941799164,0,0.1107550710439682,0.5696974992752075,0.8143566846847534,0,0.020383816212415695,-0.8205277323722839,0.5712424516677856,0,0,1.325289011001587,0,1,-0.9755499958992004,-0.08091168105602264,-0.20434105396270752,0,0.07552677392959595,-0.9965630173683167,0.03402453660964966,0,-0.20639203488826752,0.01775859296321869,0.9783080220222473,0,-0.9205089807510376,-0.5293179750442505,0.042149998247623444,1,0.9763810038566589,0.21493610739707947,-0.021983839571475983,0,-0.20550300180912018,0.892451822757721,-0.40162038803100586,0,-0.06670327484607697,0.39665234088897705,0.9155418276786804,0,0,2.5439980030059814,0,1,0.9506431221961975,-0.07463593780994415,-0.3011775314807892,0,0.31027352809906006,0.2380572110414505,0.9203583002090454,0,0.0030057216063141823,-0.9683791995048523,0.2494642287492752,0,0,1.1484750509262085,0,1,0.9842000007629395,0.0013379983138293028,0.17705601453781128,0,-0.11644499748945236,0.7581910490989685,0.6415509581565857,0,-0.13338302075862885,-0.6520319581031799,0.7463670372962952,0,0,1.3339860439300537,0,1
K0.067,0.9940669536590576,-0.023507164791226387,-0.10620040446519852,0,0.0259411484003067,0.9994300007820129,0.02159581333398819,0,0.10563240945339203,-0.02422284707427025,0.9941099286079407,0,0.07474385201931,4.902463436126709,-0.0886620432138443,1,0.9997749924659729,0.020869066938757896,-0.0038239071145653725,0,-0.02090206742286682,0.9997439980506897,-0.0086129205301404,0,0.0036439087707549334,0.008690917864441872,0.9999560117721558,0,0,0.9531350135803223,-0.037317000329494476,1,0.9999989867210388,-0.00026496159262023866,0.0012212073197588325,0,0.00023995678930077702,0.9997850060462952,0.02075602300465107,0,-0.0012262064265087247,-0.02075602300465107,0.999783992767334,0,0,1.1128419637680054,0,1,0.9999549984931946,-0.009402952156960964,0.0012432035291567445,0,0.009458963759243488,0.9982849955558777,-0.05776398256421089,0,-0.000698205956723541,0.057772986590862274,0.9983289837837219,0,0,1.2718199491500854,0,1,0.9995800256729126,-0.018712937831878662,0.02212100848555565,0,0.019044939428567886,0.9997069835662842,-0.014926967211067677,0,-0.02183600887656212,0.015341965481638908,0.9996439814567566,0,0,1.4307960271835327,0,1,0.9967780113220215,0.016539987176656723,0.07848595827817917,0,-0.016716979444026947,0.9998589754104614,0.0016029070829972625,0,-0.07844895869493484,-0.0029099052771925926,0.9969140291213989,0,0,1.4879059791564941,-0.016852999106049538,1,0.3206622004508972,0.1213790774345398,-0.9393839240074158,0,0.9015160799026489,-0.34337469935417175,0.263367235660553,0,-0.2905936539173126,-0.9313220977783203,-0.2195330411195755,0,0.41061899065971375,1.2921169996261597,-0.008731000125408173,1,0.9575672149658203,-0.27766913175582886,-0.07723371684551239,0,0.20406131446361542,0.46395009756088257,0.8620370626449585,0,-0.20352840423583984,-0.8412191867828369,0.5009248852729797,0,0,0.8744170069694519,0,1,0.8481179475784302,0.5297471284866333,0.008043002337217331,0,-0.5297561287879944,0.8477239608764648,0.026893004775047302,0,0.00742800347507,-0.027069006115198135,0.9996060132980347,0,0,2.381027936935425,0,1,0.6384319067001343,0.2481371909379959,-0.728583037853241,0,-0.0066439746879041195,0.9483481645584106,0.31716153025627136,0,0.769649863243103,-0.19764599204063416,0.6071034669876099,0,0,1.4652780294418335,0,1,0.7335429191589355,0.032029468566179276,-0.6788880228996277,0,-0.08957504481077194,0.9947310090065002,-0.049855347722768784,0,0.6737140417098999,0.097382552921772,0.7325479984283447,0,-0.32664498686790466,0.21977299451828003,0,1,0.988884687423706,0.044960539788007736,0.14172418415546417,0,-0.0848206877708435,0.9534531235694885,0.28936710953712463,0,-0.12211709469556808,-0.2981713116168976,0.9466680288314819,0,-0.07078500092029572,0.3068999946117401,0,1,0.6812835335731506,0.696542501449585,-0.2251248061656952,0,-0.6985955238342285,0.7105344533920288,0.08428995311260223,0,0.21867087483406067,0.0998467430472374,0.9706770777702332,0,-0.028750000521540642,0.365433007478714,0,1,0.9979320168495178,-0.04349903017282486,-0.047324780374765396,0,0.045752011239528656,0.9978179931640625,0.04760967940092087,0,0.0451497957110405,-0.04967566952109337,0.9977440237998962,0,0,0.3768090009689331,0.003728999989107251,1,0.9993680119514465,-0.035419002175331116,-0.003160000080242753,0,0.034762002527713776,0.9543539881706238,0.29664698243141174,0,-0.00749199977144599,-0.29656997323036194,0.9549819827079773,0,0.014162000268697739,0.5771740078926086,0,1,0.9980850219726562,0.06181299686431885,-0.002286000410094857,0,-0.06148999556899071,0.9955199956893921,0.07182497531175613,0,0.006715998984873295,-0.07154697924852371,0.9974150061607361,0,-0.017866000533103943,0.46982499957084656,0,1,0.10411485284566879,0.013561010360717773,0.9944729804992676,0,-0.9257028698921204,-0.36427125334739685,0.10188286006450653,0,0.3636392652988434,-0.9311938881874084,-0.025371959432959557,0,-0.41061899065971375,1.2918590307235718,-0.0021379999816417694,1,0.9754207730293274,0.12573443353176117,0.1809588521718979,0,-0.22034993767738342,0.5607129335403442,0.7981517314910889,0,-0.0011111623607575893,-0.8184080123901367,0.5746360421180725,0,0,0.8744170069694519,0,1,0.8306790590286255,-0.5566949248313904,-0.007998998276889324,0,0.5567079186439514,0.8303460478782654,0.024510996416211128,0,-0.0070029981434345245,-0.024813996627926826,0.9996680021286011,0,0,2.380605936050415,0,1,0.7677969336509705,-0.09860622882843018,0.6330600380897522,0,0.06131918355822563,0.994858980178833,0.08059114217758179,0,-0.6377520561218262,-0.023058980703353882,0.7698959112167358,0,0,1.4653400182724,0,1,0.8627950549125671,-0.27385589480400085,0.42495599389076233,0,0.22173789143562317,0.9603990316390991,0.1687169373035431,0,-0.4543319642543793,-0.05133900046348572,0.889352023601532,0,0.2966870069503784,0.2139669954776764,0,1,0.9674779772758484,0.23609496653079987,0.09080811589956284,0,-0.2231299728155136,0.965628981590271,-0.13332097232341766,0,-0.11916310340166092,0.10872295498847961,0.9869040250778198,0,0.03641900047659874,0.2903600037097931,0,1,0.7053499817848206,-0.689175009727478,-0.16588802635669708,0,0.674718976020813,0.7244870066642761,-0.14096897840499878,0,0.2173360139131546,-0.012495018541812897,0.9760169982910156,0,0.057328999042510986,0.3765450119972229,0,1,0.9963849782943726,-0.08011092990636826,-0.028253981843590736,0,0.08414293080568314,0.9764310121536255,0.19875095784664154,0,0.01166599802672863,-0.20040994882583618,0.9796429872512817,0,0,0.41048601269721985,0.0054779998026788235,1,0.9999129772186279,0.013146999292075634,0.00039599972660653293,0,-0.011909998953342438,0.8921970129013062,0.45148900151252747,0,0.005582999903708696,-0.4514549970626831,0.8922770023345947,0,-0.010919000022113323,0.5649499893188477,0,1,0.9979180097579956,-0.06390500068664551,-0.008693001233041286,0,0.06362099945545197,0.9533529877662659,0.29507800936698914,0,-0.010570000857114792,-0.2950170040130615,0.9554340243339539,0,0.009484999813139439,0.4394350051879883,0,1,-0.9973809719085693,-0.07217225432395935,0.0046280501410365105,0,0.06636428087949753,-0.8879334330558777,0.455159068107605,0,-0.028740977868437767,0.45427408814430237,0.8903984427452087,0,0.9205089807510376,-0.5293179750442505,0.04128500074148178,1,0.9853890538215637,-0.09612590819597244,0.14059869945049286,0,0.16854460537433624,0.43154820799827576,-0.886204719543457,0,0.024512311443686485,0.8969536423683167,0.4414442181587219,0,0,2.5462820529937744,0,1,0.9674839973449707,-0.05278714373707771,0.24736101925373077,0,-0.2260480374097824,0.2583005428314209,0.9392461180686951,0,-0.1134740337729454,-0.9646211266517639,0.2379695326089859,0,0,1.14130699634552,0,1,0.9877150654792786,-0.014341320842504501,-0.1556054800748825,0,0.118416927754879,0.7184345126152039,0.6854402422904968,0,0.10196218639612198,-0.695446252822876,0.7113076448440552,0,0,1.325289011001587,0,1,-0.9763739705085754,-0.04921331629157066,-0.210410937666893,0,0.05295022204518318,-0.9985229969024658,-0.01215854100883007,0,-0.2095019668340683,-0.023012593388557434,0.9775369763374329,0,-0.9205089807510376,-0.5293179750442505,0.042149998247623444,1,0.9741560220718384,0.2257968932390213,-0.005981159396469593,0,-0.20543000102043152,0.8746551871299744,-0.4390646517276764,0,-0.09390772879123688,0.42894667387008667,0.8984351754188538,0,0,2.5439980030059814,0,1,0.9644998908042908,-0.06871206313371658,-0.2549894452095032,0,0.2629154622554779,0.15906879305839539,0.9516156911849976,0,-0.024826722219586372,-0.9848738312721252,0.17148777842521667,0,0,1.1484750509262085,0,1,0.9840589761734009,0.0011750016128644347,0.17783698439598083,0,-0.1161469966173172,0.7615069150924683,0.6376650333404541,0,-0.13467498123645782,-0.6481550335884094,0.7495049238204956,0,0,1.3339860439300537,0,1
K0.100,0.9983310103416443,-0.005006000865250826,-0.05753500387072563,0,0.007162000983953476,0.9992769956588745,0.03732899948954582,0,0.05730600282549858,-0.037679001688957214,0.9976450204849243,0,0.09008800238370895,4.853500843048096,-0.07324499636888504,1,0.9997940063476562,0.016746999695897102,-0.011435000225901604,0,-0.016915999352931976,0.9997469782829285,-0.014852000400424004,0,0.011183000169694424,0.015042999759316444,0.9998239874839783,0,0,0.9531350135803223,-0.037317000329494476,1,0.9998570084571838,-0.0084610003978014,-0.014607999473810196,0,0.008735000155866146,0.9997860193252563,0.018775999546051025,0,0.014445998705923557,-0.01889999955892563,0.9997169971466064,0,0,1.1128419637680054,0,1,0.9997329711914062,-0.018154999241232872,-0.0142659991979599,0,0.01727600023150444,0.9980790019035339,-0.05949699878692627,0,0.01531899906694889,0.05923499912023544,0.9981269836425781,0,0,1.2718199491500854,0,1,0.9994969964027405,-0.025627000257372856,0.018696000799536705,0,0.026027999818325043,0.9994300007820129,-0.021518999710679054,0,-0.018132999539375305,0.021995000541210175,0.99959397315979,0,0,1.4307960271835327,0,1,0.9973610043525696,0.013481000438332558,0.07133399695158005,0,-0.013775999657809734,0.9998980164527893,0.003640000009909272,0,-0.07127700001001358,-0.004614000208675861,0.9974460005760193,0,0,1.4879059791564941,-0.016852999106049538,1,0.2705489993095398,0.11584199965000153,-0.9557110071182251,0,0.9041119813919067,-0.3716239929199219,0.21089699864387512,0,-0.3307349979877472,-0.92112797498703,-0.2052759975194931,0,0.41061899065971375,1.2921169996261597,-0.008731000125408173,1,0.927649974822998,-0.3585839867591858,-0.1043189987540245,0,0.27359500527381897,0.4624280035495758,0.8433899879455566,0,-0.2541860044002533,-0.810912013053894,0.5270779728889465,0,0,0.8744170069694519,0,1,0.8481919765472412,0.5296270251274109,0.008039000444114208,0,-0.529636025428772,0.8477990031242371,0.02688699960708618,0,0.007424000184983015,-0.027062999084591866,0.9996060132980347,0,0,2.381027936935425,0,1,0.5061330199241638,0.24591700732707977,-0.826653003692627,0,0.19697898626327515,0.9001929759979248,0.3883979916572571,0,0.8396599888801575,-0.3594140112400055,0.4071759879589081,0,0,1.4652780294418335,0,1,0.7369059920310974,-0.009505998343229294,-0.6759290099143982,0,-0.08703599870204926,0.99024498462677,-0.10881400108337402,0,0.670369029045105,0.13901600241661072,0.7288900017738342,0,-0.32664498686790466,0.21977299451828003,0,1,0.9888839721679688,-0.024877997115254402,0.14659400284290314,0,-0.021251004189252853,0.9521369934082031,0.30493301153182983,0,-0.1471640020608902,-0.3046579957008362,0.9410240054130554,0,-0.07078500092029572,0.3068999946117401,0,1,0.6616020202636719,0.7084590196609497,-0.24570100009441376,0,-0.71390300989151,0.6953499913215637,0.08264999836683273,0,0.22940300405025482,0.12072499841451645,0.9658160209655762,0,-0.028750000521540642,0.365433007478714,0,1,0.9965789914131165,-0.04033900052309036,-0.07213500142097473,0,0.04067600145936012,0.9991670250892639,0.00319500220939517,0,0.07194600254297256,-0.0061180018819868565,0.9973899722099304,0,0,0.3768090009689331,0.003728999989107251,1,0.999396026134491,-0.03461499884724617,-0.0031399999279528856,0,0.033945001661777496,0.9526389837265015,0.3022029995918274,0,-0.007470000069588423,-0.30212700366973877,0.9532380104064941,0,0.014162000268697739,0.5771740078926086,0,1,0.9980369806289673,0.06259799748659134,-0.0021460000425577164,0,-0.06224299967288971,0.9950370192527771,0.07763399928808212,0,0.006994999945163727,-0.0773480013012886,0.9969800114631653,0,-0.017866000533103943,0.46982499957084656,0,1,0.13181599974632263,0.01177200023084879,0.991204023361206,0,-0.9321709871292114,-0.3386400043964386,0.12798799574375153,0,0.33716800808906555,-0.9408419728279114,-0.0336650013923645,0,-0.41061899065971375,1.2918590307235718,-0.0021379999816417694,1,0.9913430213928223,0.06970900297164917,0.11126700043678284,0,-0.131181001663208,0.5619540214538574,0.8166999816894531,0,-0.0055959997698664665,-0.8242260217666626,0.5662339925765991,0,0,0.8744170069694519,0,1,0.8294140100479126,-0.5585759878158569,-0.008054999634623528,0,0.558588981628418,0.8290799856185913,0.024593999609351158,0,-0.007058999966830015,-0.024898000061511993,0.9996650218963623,0,0,2.380605936050415,0,1,0.7875360250473022,-0.0926629975438118,0.6092619895935059,0,0.0545010007917881,0.9952300190925598,0.08091700077056885,0,-0.6138539910316467,-0.030518999323248863,0.7888299822807312,0,0,1.4653400182724,0,1,0.8556879758834839,-0.29350098967552185,0.4262099862098694,0,0.23814499378204346,0.9545509815216064,0.17921799421310425,0,-0.4594399929046631,-0.05185500159859657,0.8866940140724182,0,0.2966870069503784,0.2139669954776764,0,1,0.9675909876823425,0.23992399871349335,0.07876700162887573,0,-0.22795599699020386,0.9640799760818481,-0.13632600009441376,0,-0.10864599794149399,0.11395300179719925,0.9875280261039734,0,0.03641900047659874,0.2903600037097931,0,1,0.7037379741668701,-0.6912980079650879,-0.16388800740242004,0,0.6766380071640015,0.7224869728088379,-0.14203299582004547,0,0.21659399569034576,-0.01093900017440319,0.9761999845504761,0,0.057328999042510986,0.3765450119972229,0,1,0.9959539771080017,-0.08450300246477127,-0.03057200089097023,0,0.08902899920940399,0.9740970134735107,0.20786499977111816,0,0.01221499964594841,-0.20974600315093994,0.9776800274848938,0,0,0.41048601269721985,0.0054779998026788235,1,0.999908983707428,0.013454999774694443,0.00046499999007210135,0,-0.012236000038683414,0.893779993057251,0.44833898544311523,0,0.005617000162601471,-0.4483039975166321,0.8938639760017395,0,-0.010919000022113323,0.5649499893188477,0,1,0.997937023639679,-0.06362900137901306,-0.00854399986565113,0,0.06335099786520004,0.9544069766998291,0.2917090058326721,0,-0.010406999848783016,-0.2916490137577057,0.9564689993858337,0,0.009484999813139439,0.4394350051879883,0,1,-0.9986540079116821,-0.04887399822473526,0.01739099994301796,0,0.05073099955916405,-0.8500450253486633,0.5242609977722168,0,-0.010840000584721565,0.5244370102882385,0.8513799905776978,0,0.9205089807510376,-0.5293179750442505,0.04128500074148178,1,0.978941023349762,-0.1284009963274002,0.15870699286460876,0,0.20414400100708008,0.6172839999198914,-0.7597939968109131,0,-0.0004089988942723721,0.7761920094490051,0.6304960250854492,0,0,2.5462820529937744,0,1,0.9679759740829468,-0.008731001988053322,0.2508920133113861,0,-0.2355549931526184,0.31401899456977844,0.9197310209274292,0,-0.0868149995803833,-0.9493759870529175,0.3019070029258728,0,0,1.14130699634552,0,1,0.9830830097198486,-0.00012700064689852297,-0.18316100537776947,0,0.1141669973731041,0.7823969721794128,0.6122260093688965,0,0.1432269960641861,-0.6227800250053406,0.7691760063171387,0,0,1.325289011001587,0,1,-0.9753469824790955,-0.010950001887977123,-0.22040599584579468,0,0.02596600167453289,-0.9975249767303467,-0.06534600257873535,0,-0.2191449999809265,-0.0694580003619194,0.9732170104980469,0,-0.9205089807510376,-0.5293179750442505,0.042149998247623444,1,0.9702630043029785,0.23765699565410614,0.04591599479317665,0,-0.18769699335098267,0.8584960103034973,-0.4772369861602783,0,-0.15283699333667755,0.45442700386047363,0.8775740265846252,0,0,2.5439980030059814,0,1,0.9695889949798584,-0.05057999864220619,-0.23945699632167816,0,0.24259799718856812,0.06946900486946106,0.967635989189148,0,-0.032308001071214676,-0.996300995349884,0.07962700724601746,0,0,1.1484750509262085,0,1,0.9840499758720398,0.0011650000233203173,0.1778869926929474,0,-0.11612799763679504,0.7617160081863403,0.6374189853668213,0,-0.13475599884986877,-0.6479099988937378,0.749701976776123,0,0,1.3339860439300537,0,1
